# This file was produced by samtools stats (1.9+htslib-1.9) and can be plotted using plot-bamstats
# This file contains statistics for all reads.
# The command line was:  stats -c 1,1000,1 ERR495205_merged.bam
# CHK, Checksum	[2]Read Names	[3]Sequences	[4]Qualities
# CHK, CRC32 of reads which passed filtering followed by addition (32bit overflow)
CHK	168dfa1d	e318a2b6	956fbc10
# Summary Numbers. Use `grep ^SN | cut -f 2-` to extract this part.
SN	raw total sequences:	5097306
SN	filtered sequences:	0
SN	sequences:	5097306
SN	is sorted:	1
SN	1st fragments:	2546130
SN	last fragments:	2551176
SN	reads mapped:	5035045
SN	reads mapped and paired:	5012284	# paired-end technology bit set + both mates mapped
SN	reads unmapped:	62261
SN	reads properly paired:	4998732	# proper-pair bit set
SN	reads paired:	5097306	# paired-end technology bit set
SN	reads duplicated:	0	# PCR or optical duplicate bit set
SN	reads MQ0:	1576130	# mapped and MQ=0
SN	reads QC failed:	0
SN	non-primary alignments:	0
SN	total length:	509730600	# ignores clipping
SN	total first fragment length:	254613000	# ignores clipping
SN	total last fragment length:	255117600	# ignores clipping
SN	bases mapped:	503504500	# ignores clipping
SN	bases mapped (cigar):	501327073	# more accurate
SN	bases trimmed:	0
SN	bases duplicated:	0
SN	mismatches:	2305953	# from NM fields
SN	error rate:	4.599698e-03	# mismatches / bases mapped (cigar)
SN	average length:	100
SN	average first fragment length:	100
SN	average last fragment length:	100
SN	maximum length:	100
SN	maximum first fragment length:	100
SN	maximum last fragment length:	100
SN	average quality:	33.9
SN	insert size average:	251.6
SN	insert size standard deviation:	88.8
SN	inward oriented pairs:	2498884
SN	outward oriented pairs:	1534
SN	pairs with other orientation:	219
SN	pairs on different chromosomes:	5610
SN	percentage of properly paired reads (%):	98.1
# First Fragment Qualities. Use `grep ^FFQ | cut -f 2-` to extract this part.
# Columns correspond to qualities and rows to cycles. First column is the cycle number.
FFQ	1	1610	0	0	0	0	0	0	0	0	0	8642	0	0	0	0	0	12309	0	0	297	0	0	1603	8554	0	12789	24380	36091	25579	0	146577	840490	0	198139	1229070	0	0	0	0	0	0	0	0
FFQ	2	35	0	0	0	0	0	0	0	0	0	3868	0	0	0	0	0	15316	0	0	1068	0	0	2844	7361	0	10874	23011	41729	22054	0	125177	754470	0	103595	1434728	0	0	0	0	0	0	0	0
FFQ	3	10	0	0	0	0	0	0	0	0	0	5212	0	0	0	0	0	11698	0	0	321	0	0	3702	7199	0	12335	23265	45203	25125	0	124812	727483	0	92064	1467701	0	0	0	0	0	0	0	0
FFQ	4	1	0	0	0	0	0	0	0	0	0	4334	0	0	0	0	0	3874	0	0	6529	0	0	3140	0	0	6876	11802	926	18936	395	30386	865	46149	72889	0	563844	0	1775184	0	0	0	0	0
FFQ	5	25	0	0	0	0	0	0	0	0	0	4129	0	0	0	0	0	5410	0	0	6193	0	0	3987	0	0	9152	14762	1061	20294	464	35933	1095	49191	77264	0	567249	0	1749921	0	0	0	0	0
FFQ	6	0	0	0	0	0	0	1	0	1147	0	2336	650	0	0	0	1441	2244	3696	1729	1682	0	1164	379	5401	0	11345	10712	4053	11247	7468	33433	13942	59367	56708	3	537397	33796	1744789	0	0	0	0	0
FFQ	7	88	0	0	0	0	0	1	0	1339	0	2495	710	0	0	3	1445	2351	3809	1873	1733	1	1265	387	5539	1	11660	10848	5098	10365	7724	34482	14411	59636	57498	3	535195	34035	1742135	0	0	0	0	0
FFQ	8	0	0	0	0	0	1	0	0	1671	0	3270	813	1	0	1	1625	2418	4119	1913	1725	4	1267	420	5849	2	12284	10782	7015	8648	7627	35275	14518	59858	57609	1	534583	34448	1738383	0	0	0	0	0
FFQ	9	3	0	0	0	0	2	5	5	1641	0	3186	833	3	1	0	1891	2569	4256	2020	1705	7	1385	429	5892	7	12575	4474	15804	7256	7526	35547	10603	52812	39319	31294	169658	126	303564	175058	1654674	0	0	0
FFQ	10	0	0	0	0	0	5	9	7	1761	2	2930	711	16	3	4	1816	2421	3919	1997	1735	15	1397	412	5883	16	12863	4562	17962	5308	7891	36696	10600	53535	40091	31772	171099	118	304902	180705	1642967	0	0	0
FFQ	11	0	0	0	0	0	4	9	14	1653	9	2812	706	15	5	7	1856	2535	3957	2094	1787	30	1461	450	5899	47	13036	4828	20319	3202	7877	37394	10872	54536	40447	32567	173237	102	308653	182084	1631626	0	0	0
FFQ	12	0	0	0	0	0	5	26	26	2039	19	3700	962	18	7	14	1878	2700	4262	2203	1957	42	1677	504	6227	172	13114	4734	21870	1928	7981	38215	10403	54913	40824	32704	174803	140	311719	184044	1620300	0	0	0
FFQ	13	136	0	0	0	0	2	32	32	1786	39	2868	761	24	14	18	2037	2639	4109	2166	1833	44	1649	493	6414	261	13221	4854	22521	1834	8291	39049	10189	55889	41340	32811	176155	157	313598	187371	1611493	0	0	0
FFQ	14	0	0	0	0	0	3	48	33	1956	67	3214	811	35	16	33	385	3799	4291	2213	1851	51	1786	527	4156	2994	13412	4839	21906	1806	8281	18553	29801	35138	50126	35814	33478	111108	90815	260763	173744	522413	1105864	0
FFQ	15	8	0	0	0	0	12	69	29	2026	136	3122	815	41	23	29	510	3784	4371	2238	1992	81	1778	593	4142	3289	13526	5089	21943	1785	8594	19526	30021	35052	51047	35880	34436	111983	91614	263022	174059	525347	1094118	0
FFQ	16	0	0	0	0	0	5	82	64	2003	199	2992	760	72	26	50	657	3922	3956	2384	2082	98	2000	625	4403	3721	13509	5309	21990	1995	8682	20325	30562	35254	51356	35883	35858	111459	92457	266258	174481	529331	1081320	0
FFQ	17	0	0	0	0	0	9	103	89	2298	284	3112	820	76	37	76	864	4079	3961	2422	2162	115	2215	660	4567	4260	13860	5372	21508	2099	8742	21872	30701	34906	53199	35861	38100	111836	93327	268477	175477	531556	1067028	0
FFQ	18	0	0	0	0	0	9	137	105	2653	439	3461	834	95	54	115	1125	4239	4156	2508	2235	146	2363	746	4874	4754	13756	5754	21819	2160	9001	23287	30945	34889	53890	36471	40381	110191	94470	271851	176376	531327	1054514	0
FFQ	19	63	0	0	0	0	9	156	150	2693	521	3253	730	123	67	114	1309	4076	1144	5855	2446	176	2777	861	5288	5383	14106	5805	21669	2353	9295	25376	31572	34814	37061	55047	43485	96618	100348	246130	205307	538875	1041075	0
FFQ	20	89	0	0	0	0	19	202	189	2710	667	2840	633	147	83	143	1606	4052	1330	5313	2263	227	3019	879	5483	5909	14093	6121	21313	2469	9293	26616	31867	34186	38253	55133	46037	97006	101847	248368	209772	538839	1027114	0
FFQ	21	0	0	0	0	0	22	260	238	2884	803	2718	543	154	108	214	2039	4217	1370	4891	2366	291	3279	936	5649	6775	14319	6431	20449	2667	9768	28781	32360	33598	39284	54527	49584	97139	102532	254590	211118	540711	1008515	0
FFQ	22	0	0	0	0	0	26	350	283	3375	1195	2816	554	222	158	268	2380	4403	1462	4684	2587	351	3704	1140	6044	7490	14434	6841	20044	2902	9886	30403	33346	33007	41177	54820	53042	97010	103497	259247	211266	541842	989874	0
FFQ	23	0	0	0	0	0	40	436	386	3821	1476	2687	540	272	210	336	2859	4663	1526	4400	2666	438	4098	1252	6208	8161	14526	7336	19919	3284	10188	32681	33559	32437	42310	54449	57048	96105	104564	263301	211980	543134	972834	0
FFQ	24	45	0	0	0	0	51	515	456	3650	1660	2239	429	349	247	424	3264	4746	1555	4096	2777	543	4754	1498	6245	8696	14539	7730	18971	3640	10371	34818	34194	32101	44486	54414	61257	95512	106241	268477	205627	538419	967094	0
FFQ	25	0	0	0	0	0	55	634	610	4115	1915	1978	387	417	329	531	3896	4638	1501	3867	3044	664	5381	1699	6557	9475	14722	8189	19020	3951	11045	36650	35482	31616	46943	54402	66399	95273	107749	274259	203663	542818	942256	0
FFQ	26	71	0	0	0	0	130	1076	1042	6047	3411	2533	496	529	464	644	4436	4899	1601	3860	3039	821	5822	1829	6742	10094	14497	8844	18264	4450	11274	37790	35991	31009	48991	53174	71050	95283	109264	278548	203292	545501	919322	0
FFQ	27	177	0	0	0	0	135	1330	1291	6757	4136	2433	508	747	635	852	5282	5379	1761	3791	3421	1047	6373	2261	6902	10929	15087	9488	17961	5151	11660	40068	37761	31041	51812	53215	76091	94459	110894	281869	202971	548206	892249	0
FFQ	28	104	0	0	0	0	175	1557	1501	6618	4207	1838	463	916	782	1013	5967	5461	1770	3678	3363	1253	6919	2554	7076	11343	15269	10385	17801	5823	11942	41749	38949	31457	54104	53476	81575	94179	114048	285904	202796	548885	869230	0
FFQ	29	0	0	0	0	0	208	1871	1842	7014	4671	1495	459	1052	945	1130	6406	5179	1527	3613	3551	1533	7768	2991	7385	11847	15067	11456	17196	6667	12477	42970	39909	31872	57197	53016	86539	94133	117109	288822	203421	550089	845703	0
FFQ	30	3	0	0	0	0	255	2065	2134	7044	5006	1214	483	1280	1121	1389	6677	4760	1473	3726	3662	1806	7417	3445	8574	12259	14820	12292	16950	7454	13140	42959	41141	32458	60440	53307	91716	94467	119341	290580	203903	551210	824159	0
FFQ	31	25	0	0	0	0	320	2520	2573	7208	5233	940	515	1428	1279	1613	6766	4509	1304	3777	3878	2053	7810	3758	8913	12587	14334	13513	16931	8521	13497	43387	42766	33087	63502	54076	96882	94941	122757	292741	205083	548312	802791	0
FFQ	32	22	0	0	0	0	396	3002	2988	7626	5673	730	596	1650	1484	1933	7432	4295	1267	4136	4154	2528	8683	4327	9434	12808	14066	14611	17164	9561	14376	43777	44348	34589	66710	55399	102620	96324	125241	294886	206474	544229	776591	0
FFQ	33	27	0	0	0	0	457	3318	3529	7579	5533	580	719	1856	1752	2152	7498	3971	1255	4254	4323	2982	9202	4831	10036	13349	13818	15739	17312	11068	14977	43914	46363	35869	70567	56946	108112	97930	129160	294784	208379	538717	753272	0
FFQ	34	187	0	0	0	0	504	3848	3856	7730	5736	481	856	2157	1941	2507	7729	3685	1279	4688	4596	3438	9986	5537	10822	13593	13350	17335	18038	12686	15892	44605	48182	37682	74811	59355	113935	101071	133655	296072	211725	530263	722317	0
FFQ	35	0	0	0	0	0	654	4384	4591	7979	5696	366	1003	2492	2318	2856	7897	3521	1378	4868	4886	3968	10112	5849	11535	14590	12677	19701	18094	14539	17121	44850	50535	39678	78615	62452	120762	103420	137821	296758	215460	522221	690483	0
FFQ	36	0	0	0	0	0	747	4908	5015	7939	5693	315	1119	2745	2623	3091	7844	3245	1448	5367	5063	4632	10625	6764	12193	14744	12211	21497	18206	16353	18441	44970	52268	41580	82926	65444	127406	107013	143199	296170	219826	511698	660802	0
FFQ	37	233	0	0	0	0	847	5449	5645	8092	5681	349	1334	2984	2912	3341	7545	3059	1638	5539	5340	5049	11245	7398	12555	15153	11390	23136	18938	18183	19386	44386	54153	43869	86599	69097	135112	110830	146494	292129	223787	503990	633263	0
FFQ	38	39	0	0	0	0	1038	5947	6124	8038	5426	376	1463	3277	3204	3802	7461	2858	1747	6207	5486	5805	11835	7962	13255	15188	10876	24879	19334	19832	20984	43292	56159	46256	90895	73524	143165	115385	150675	288252	226708	493680	605696	0
FFQ	39	1	0	0	0	0	1188	6350	6667	8197	5064	401	1684	3417	3452	4021	7131	2606	1887	6604	5692	6343	9537	8382	16938	15290	10007	26315	19342	21674	22292	43513	57678	48551	94763	78397	152985	119429	155211	280511	232325	479035	583250	0
FFQ	40	5	0	0	0	0	1350	7037	7160	8362	4814	477	1920	3659	3777	4409	6854	2566	2056	7462	5746	7094	10189	8876	18159	15720	9730	28599	20036	23725	23956	42973	60420	51095	99177	83374	163147	124194	159380	275619	233481	463949	555583	0
FFQ	41	0	0	0	0	0	1609	7502	7981	8490	4632	520	2176	3839	4082	4742	6914	2538	2315	8117	6075	7860	10494	9566	19268	16141	9411	30510	20430	26072	25573	43441	62780	53608	103703	89377	174301	129934	163397	270044	236258	446082	526348	0
FFQ	42	0	0	0	0	0	1801	7892	8663	8738	4119	650	2482	4233	4475	4983	6691	2512	2434	8835	6214	8676	11025	10291	20568	16259	9171	32549	20548	28068	27514	44162	65164	56720	109212	96285	187473	134807	168021	262505	237232	428296	496862	0
FFQ	43	0	0	0	0	0	2126	8561	9269	9074	3794	804	2863	4531	4777	5199	6496	2471	2655	9683	6157	9412	11462	11075	21912	16594	9028	34214	20779	29731	29945	44956	67709	59098	114619	104128	200529	140999	172253	254722	237708	409741	467056	0
FFQ	44	1	0	0	0	0	2378	9048	10211	9454	3634	887	3089	4685	5084	5585	6541	2524	2922	10804	6396	10383	12111	11663	23405	16997	8930	36845	21498	31658	32155	46081	70841	62200	119631	111975	214580	146303	175622	247362	238299	389803	434545	0
FFQ	45	0	0	0	0	0	2071	6922	8345	7835	2664	965	3067	4086	4916	4212	5009	1448	2573	8111	4961	13524	7171	10694	21242	15125	9713	34033	18081	30591	28881	43673	66220	58897	117208	111496	247717	143231	185007	212196	272068	375922	456255	0
FFQ	46	0	0	0	0	0	2320	7078	8803	7619	2298	976	3168	3979	4804	4306	4599	1396	2571	8171	4886	13392	7058	10406	21797	14630	9285	33183	18077	29500	29514	41905	64490	57497	117044	114915	281506	146521	189496	199073	260839	354607	464421	0
FFQ	47	52	0	0	0	0	2451	7215	9427	8218	2039	1103	3328	4002	4688	4416	4362	1426	2849	8765	4719	14606	6979	10628	23048	14514	9198	33876	18304	29905	31046	42200	65478	58360	119912	120426	311519	149843	194494	185570	253261	331572	452331	0
FFQ	48	0	0	0	0	0	2855	7381	9830	7936	1790	1235	3561	4114	4940	4346	4423	1393	2966	9422	4566	15460	7102	11001	24222	14603	9551	35157	18153	30460	32618	43322	66902	59193	125018	127163	340905	155563	197847	173937	248298	308400	430497	0
FFQ	49	1	0	0	0	0	3246	7342	10668	8117	1622	1341	3774	4219	4955	4427	4541	1476	3157	10076	4634	16777	7040	11249	20762	17893	8398	36041	21938	31024	34469	44564	69124	61099	130435	134327	370976	159504	201431	157751	248818	287106	401808	0
FFQ	50	0	0	0	0	0	3571	7690	11308	8653	1493	1627	4115	4420	5047	4596	4772	1518	3569	10993	4414	18143	7099	11974	21970	18865	8463	37383	22758	31424	36465	46450	70898	62869	136544	142741	399579	163997	203684	148935	242414	265553	370136	0
FFQ	51	0	0	0	0	0	3916	7760	12293	8587	1257	1722	4408	4515	5257	4577	4923	1471	3677	11801	4054	19771	7147	12295	22738	19586	9080	38668	23550	31695	38052	48435	73841	65062	142889	150892	429680	166774	204102	139678	236606	246003	339368	0
FFQ	52	95	0	0	0	0	4399	7680	13231	8793	1030	1978	4837	4654	5260	4554	5243	1517	3879	12270	4000	21283	7187	12336	23777	20766	9361	39687	25125	31828	40260	50526	76706	65755	150425	159314	459956	170449	203450	130423	228966	225564	309566	0
FFQ	53	0	0	0	0	0	4718	7814	13883	8582	863	2201	4793	4920	5211	4487	5545	1495	4210	13036	3729	22861	7061	12892	24471	21604	9590	40438	25712	32197	42246	52501	78928	67903	157953	168199	491606	172498	201942	121447	220764	206760	281070	0
FFQ	54	0	0	0	0	0	5303	7781	14774	8794	761	2518	5169	5011	5097	4375	5781	1503	4515	13817	3549	24737	7176	13244	25750	22680	10117	40869	26874	31806	43899	54394	81557	69448	164542	178521	522253	174179	198962	112240	211784	188359	253991	0
FFQ	55	36	0	0	0	0	5868	7716	15823	9017	669	2737	5389	4305	5094	5294	6238	1270	4943	14926	3209	24603	8807	13613	27090	14510	19595	41686	27724	32475	45854	56314	84962	70634	172507	186174	552090	175373	193718	105873	201591	170969	227434	0
FFQ	56	8	0	0	0	0	6357	7623	16843	9035	525	3129	5590	4325	5030	5343	6954	1365	5289	15618	3071	26819	8643	13933	28227	14837	21166	42068	29210	31879	47761	58570	87082	72229	179648	195349	582505	175233	188741	97062	190253	154044	204766	0
FFQ	57	193	0	0	0	0	6925	7435	17931	8995	487	3440	5868	4375	4906	5340	7427	1319	5713	16547	2805	28245	9011	14154	29443	15361	22303	42275	30737	30983	49416	60507	89699	73743	187014	203955	612197	174442	183765	88461	179403	138652	182658	0
FFQ	58	0	0	0	0	0	7478	7329	18899	9100	355	3787	6063	4665	4708	5353	8059	1352	6108	17437	2636	29921	9097	14310	31002	15743	23762	42085	32500	30438	51224	61998	92450	75187	194828	212970	640159	172047	177377	80274	168293	124787	162349	0
FFQ	59	0	0	0	0	0	8616	8294	22534	10351	357	4370	6466	4923	4890	4199	8796	1362	6244	20378	2552	26756	6946	23255	21776	12566	22768	60014	33703	30034	52623	64029	95101	77156	201275	221454	661205	169586	168860	72970	156429	110950	142342	0
FFQ	60	19	0	0	0	0	8173	6551	19712	8672	221	4937	6532	4732	4669	3400	9082	1104	6164	19628	1832	27184	6230	23226	21017	12014	22488	57928	34441	28316	51916	63618	95408	76911	204336	224876	710645	170387	164061	61447	153921	96644	133688	0
FFQ	61	149	0	0	0	0	8988	6008	20571	8447	154	5214	6257	4712	3967	3255	9660	1074	6446	20332	1703	27676	6013	23611	21339	12097	23423	57924	35840	26866	52193	63369	95620	76270	205430	227479	752503	168679	158245	54310	141838	85257	123211	0
FFQ	62	149	0	0	0	0	9542	6035	21376	8354	108	5527	6193	4746	3816	3182	10299	1049	6788	21203	1529	28490	5627	24424	21285	11994	24681	57791	36814	25395	53192	64454	96879	76534	208793	230804	787271	165260	151028	48892	130985	74441	111200	0
FFQ	63	16	0	0	0	0	10240	5848	22970	8503	96	6086	6220	4966	3477	3055	10995	1106	7078	22489	1391	29563	5600	25190	21694	12006	26137	57903	38421	24346	54202	64756	98355	77851	213039	237447	813203	161963	143224	43402	119304	65151	98837	0
FFQ	64	39	0	0	0	0	11185	5487	24181	8646	74	6704	6130	5235	3321	2908	11693	1008	7511	23652	1179	31133	5238	26409	22633	12203	27871	58730	40220	23378	54955	65432	100201	78640	218539	242738	834799	158573	134353	38302	108568	57420	86842	0
FFQ	65	0	0	0	0	0	11531	5216	24954	8792	40	7301	6077	5488	3109	2645	11806	1939	8021	16265	9049	32144	4949	17505	32922	12096	28818	56201	24692	21728	77306	66240	102325	79229	222051	249443	856794	154554	126031	33763	98756	50408	75942	0
FFQ	66	39	0	0	0	0	12333	5024	25768	8690	43	7920	5946	5476	2880	2564	12517	1945	8266	16666	9824	32800	4767	18085	33097	11955	30487	55535	25546	20321	79562	66753	104453	79751	227487	255569	877073	149706	117822	29786	89550	43879	66245	0
FFQ	67	40	0	0	0	0	13173	4722	27434	8899	34	8547	5898	5819	2770	2486	13429	1940	8523	16951	10285	34202	4479	18725	34251	12225	31677	56226	26130	19194	81805	67474	106278	80863	231417	260271	892436	145337	109247	26570	81353	37893	57127	0
FFQ	68	217	0	0	0	0	14080	4501	28321	9130	21	9183	5713	6065	2524	2173	14122	2059	8821	17397	10957	35623	4179	19030	35323	12164	33134	55782	27085	18146	83401	67378	108227	82327	235201	264890	908178	140509	101449	23438	73199	33019	49164	0
FFQ	69	186	0	0	0	0	14855	4298	29565	9258	18	10092	5645	6235	2393	2114	14722	2048	9128	17684	11794	36234	3866	19702	36143	12143	34511	55879	27939	16782	85296	67917	109734	82295	238791	269364	920849	137574	93565	20530	66166	28594	42221	0
FFQ	70	36	0	0	0	0	15592	3882	30627	9368	24	10793	5541	6468	2196	1896	15592	2068	9714	17962	12419	37317	3674	4689	24543	40312	36234	55202	28667	15630	87491	67262	111555	83255	242275	274047	932805	132593	86107	17878	59989	24437	35990	0
FFQ	71	95	0	0	0	0	16404	3757	31901	9641	18	11368	5281	6491	1984	1815	16368	2213	9915	18404	12869	38547	3443	4471	24634	41832	37303	55095	29403	14388	88900	67600	112434	83597	245153	278984	942893	128807	79002	15683	54107	20903	30427	0
FFQ	72	113	0	0	0	0	17172	3360	33229	9613	16	12100	5064	6742	1876	1678	17255	2214	10176	18568	13597	39009	3116	4258	25046	43256	38894	54781	30252	13437	91293	67678	114902	84664	246594	282643	951533	124644	71933	13580	48741	17501	25602	0
FFQ	73	87	0	0	0	0	17825	3188	33991	9695	18	12629	4783	6759	1619	1521	18174	2252	10970	18727	14828	39893	2956	3981	25378	44648	40539	54691	31351	12540	93432	68175	115707	85147	250721	287073	955134	120470	65922	11532	43613	14836	21325	0
FFQ	74	58	0	0	0	0	18907	2968	35102	10017	14	13658	4623	7297	1422	1366	18857	2399	11244	19568	15296	40661	2660	3909	25806	46123	41962	54409	32480	11497	95956	68238	117609	87090	253097	290007	956964	116022	60379	10096	38562	12191	17616	0
FFQ	75	86	0	0	0	0	19461	2684	36290	10451	16	14151	4388	7348	1400	1344	19629	2424	11627	19602	16312	41296	2494	3730	26184	47223	43644	20766	66479	10392	97480	68775	118736	87705	255052	295177	959012	112172	55302	8746	34262	10050	14240	0
FFQ	76	19	0	0	0	0	19285	2304	34118	11584	21	16792	4845	6839	1398	988	22511	1970	13242	18624	19619	49273	2499	3577	30748	58024	51033	23407	83566	12521	123013	84761	156042	118943	299147	371773	727966	84690	39736	6914	30137	8095	6106	0
FFQ	77	54	0	0	0	0	20667	2119	35649	11043	22	15994	4112	7184	1114	980	21716	2067	12492	18351	18484	45408	2029	3039	27834	53147	46552	18876	75330	9625	110348	74417	138190	102437	295765	347943	844200	90177	41882	5794	27436	7399	6254	0
FFQ	78	51	0	0	0	0	21184	1860	36263	10987	27	16159	3676	7389	962	844	21405	2127	12238	18416	18349	43483	1819	2855	26786	50853	44866	16552	71985	7811	103210	68541	125849	92136	272427	315429	948040	98452	41959	4992	23660	5629	6859	0
FFQ	79	38	0	0	0	0	21418	1622	36734	10918	27	16498	3243	7520	821	761	21984	2141	12459	18574	18417	42697	1605	2781	26372	50464	44759	14840	70815	6867	100970	65874	120955	87721	262879	302092	994673	101872	39772	4166	20394	4411	5976	0
FFQ	80	24	0	0	0	0	22301	1548	37585	10968	25	16799	3021	7646	680	706	22003	2252	12282	19029	18919	43215	1411	2784	26284	50772	45466	13223	71710	6037	100320	65355	119976	87019	260204	297482	1011439	102212	36241	3383	17636	3269	4904	0
FFQ	81	193	0	0	0	0	23180	1370	38081	11342	30	17414	2948	7924	621	630	22936	2289	12856	19384	19695	43279	1270	2814	26402	51977	47154	12204	72645	5299	101514	65089	119395	86944	258214	298263	1014746	101350	32723	2705	15070	2486	3694	0
FFQ	82	72	0	0	0	0	23984	1228	39578	11587	34	18315	2601	8148	516	577	23449	2459	12689	19689	20344	42802	1065	2687	26786	52815	47979	11467	74002	4820	102720	65175	120129	87213	259073	299323	1014999	99087	29139	2212	12857	1759	2751	0
FFQ	83	488	0	0	0	0	25077	1063	41287	11874	30	18993	2384	8508	482	545	24084	2443	13454	20571	21024	43986	1027	2616	27141	53375	48623	10554	75563	4415	103400	65407	121718	88570	259678	301711	1008425	95889	25876	1793	10775	1277	2004	0
FFQ	84	180	0	0	0	0	25536	948	41807	12435	30	19826	2360	8472	425	436	24785	2477	13735	20365	22225	44370	1009	2526	27502	54535	50240	9416	76912	3931	105252	65672	121925	88810	260113	303980	1004925	93689	22655	1433	8797	910	1486	0
FFQ	85	197	0	0	0	0	26855	847	43891	12769	21	20755	2176	8734	374	417	25474	2508	13915	21398	22717	45071	876	2491	27921	55179	51552	8841	78127	3410	106658	65283	123552	89616	260112	304414	998854	91223	20044	1115	7155	609	979	0
FFQ	86	103	0	0	0	0	27186	753	44201	13197	45	21608	2055	8973	323	355	25867	2586	14457	21467	23887	46176	734	2556	28888	56362	52497	8103	79160	3080	107475	65972	124476	89798	261429	307685	990535	88991	17575	842	5719	399	615	0
FFQ	87	61	0	0	0	0	27802	662	45324	13163	36	21924	1788	9167	274	324	26600	2537	14702	22109	23817	45688	671	2556	29182	57173	53168	7473	80779	2807	108599	66175	125113	90913	262418	309235	985919	86836	15353	642	4499	258	383	0
FFQ	88	210	0	0	0	0	28857	635	46756	13185	32	22270	1666	9348	237	318	27389	2640	14810	22234	24635	46864	567	2539	29158	58009	53973	6887	81391	2340	109636	66615	126963	91480	262793	310122	979821	84219	13334	440	3366	151	240	0
FFQ	89	261	0	0	0	0	30176	544	48144	14053	36	23340	1496	9493	218	261	27767	2742	15295	22578	25291	47357	548	2549	29981	59151	55454	6217	82948	2145	111901	67007	128011	91642	262523	312745	967549	82314	11348	352	2501	75	117	0
FFQ	90	49	0	0	0	0	31073	471	48715	14150	40	23968	1425	9608	165	208	28609	2906	15423	23020	26051	47765	430	2567	30161	59908	56520	5613	84168	1930	112726	67455	128737	92783	262348	313808	961260	80079	9707	250	1931	53	50	0
FFQ	91	350	0	0	0	0	31831	419	50270	14664	31	24601	1288	9937	134	184	29327	2764	15894	23252	26736	48517	419	2539	30556	60857	57413	5178	85121	1653	114008	67821	129277	93447	263511	315481	950795	78012	8257	158	1377	24	27	0
FFQ	92	272	0	0	0	0	32744	396	51395	15122	37	25704	1164	10100	124	179	29898	2965	16553	23514	27474	49393	332	2523	31102	61825	58379	4743	86545	1528	115593	68051	130745	94614	263367	317036	938760	75964	6930	122	920	6	11	0
FFQ	93	402	0	0	0	0	34078	303	53386	15341	43	26249	1112	10218	96	152	30507	3094	16617	24509	28203	49736	255	2662	31821	62819	59683	4414	87488	1378	117174	68384	132040	95722	263498	318692	925738	73940	5700	88	584	0	4	0
FFQ	94	122	0	0	0	0	34770	287	54359	15928	35	27509	988	10417	65	136	31376	3121	17223	25100	29196	50383	268	2591	31942	63844	61153	4114	89413	1224	118629	69534	133383	96511	262917	319359	913166	72032	4585	44	406	0	0	0
FFQ	95	442	0	0	0	0	36020	228	56650	16487	37	27759	902	128	10836	119	32150	3253	17422	25745	29527	51032	211	2648	32788	64694	62543	3689	90256	1035	119825	69954	134202	96854	262845	321727	900104	70017	3741	24	236	0	0	0
FFQ	96	246	0	0	0	0	36956	204	57824	16953	55	28554	799	109	10707	97	32549	3205	17820	25772	30431	51358	185	2620	33430	65543	63173	3372	91397	991	120382	70084	135864	97831	262596	322658	890750	68289	3199	20	107	0	0	0
FFQ	97	388	0	0	0	0	38096	179	58679	17291	52	29277	723	91	11001	79	33168	3336	17803	26318	31274	52348	138	2811	33567	66037	64557	3092	92211	813	121433	70432	136558	98367	263184	323254	879770	67101	2647	8	47	0	0	0
FFQ	98	56	0	0	0	0	39340	135	60484	17738	37	30251	709	79	11382	70	33975	3387	18537	27121	31985	53090	132	2885	33921	66681	65257	2757	93423	772	123362	71115	138118	99481	262221	324805	865465	65166	2162	6	25	0	0	0
FFQ	99	129	0	0	0	0	39518	129	61121	18248	65	30647	621	70	11486	63	34618	3225	18779	27119	32382	53191	105	2747	34293	67964	66429	2591	94273	702	124204	71675	138756	100321	262641	325522	856729	64034	1727	2	4	0	0	0
FFQ	100	3	0	0	0	0	48871	150	74841	21209	68	36947	717	88	14872	68	41023	4477	22276	34420	39437	62478	104	3733	41042	78760	80622	2797	108708	711	142926	81717	155537	111876	261330	346465	679209	47544	1103	0	1	0	0	0
# Last Fragment Qualities. Use `grep ^LFQ | cut -f 2-` to extract this part.
# Columns correspond to qualities and rows to cycles. First column is the cycle number.
LFQ	1	3323	0	0	0	0	0	0	13538	0	0	16090	0	4970	0	0	2798	22280	0	2297	36	2764	0	9659	16683	2480	21902	52290	51850	60630	3740	178197	892727	0	166144	1026778	0	0	0	0	0	0	0	0
LFQ	2	1957	0	0	0	0	0	0	14481	0	0	16430	0	4660	0	0	3693	24884	0	2357	31	2978	0	10933	15705	2581	20708	50099	62021	55313	3771	154936	815188	0	87671	1200779	0	0	0	0	0	0	0	0
LFQ	3	1689	0	0	0	0	0	0	15003	0	0	16575	0	4659	0	0	3392	25443	0	2277	39	3008	0	11689	15540	2492	21006	49272	66005	57103	3585	154177	785818	0	74520	1237884	0	0	0	0	0	0	0	0
LFQ	4	2263	0	0	0	0	0	0	14585	0	0	15865	0	4646	0	0	0	10456	9256	2347	8067	3044	0	8360	3119	2512	14868	21787	12790	32038	1577	49811	6089	79473	90196	0	590644	0	1567383	0	0	0	0	0
LFQ	5	2230	0	0	0	0	0	0	14790	0	0	15800	0	4494	0	0	0	10597	9217	2285	7662	3126	0	8660	3069	2465	14746	22179	12730	31878	1615	50378	6241	79373	90182	0	594967	0	1562492	0	0	0	0	0
LFQ	6	319	0	0	0	0	0	82	8011	11462	0	8082	2022	2110	2630	520	5478	4009	12768	4087	3616	1275	2446	4620	10812	1958	16283	15334	14773	20895	11614	46821	24691	88200	63194	3	559313	34333	1569415	0	0	0	0	0
LFQ	7	116	0	0	0	0	64	55	7976	11886	0	8202	2113	1997	2542	512	5477	4172	12672	4148	3697	1260	2557	4524	10907	1967	16484	15559	16525	18838	11933	47067	24313	88698	63465	4	556481	34062	1570903	0	0	0	0	0
LFQ	8	461	0	0	0	0	106	51	8199	11945	0	8310	2097	1958	2633	521	5545	4334	11195	4368	3776	1427	2686	4662	10911	1905	17090	15466	18890	16626	11991	47539	24075	88513	63565	2	557804	33881	1568644	0	0	0	0	0
LFQ	9	208	0	0	0	0	132	63	8427	12220	0	8545	2219	1926	2607	507	5566	4177	10932	4273	3813	1375	2725	4772	11112	2042	16773	7426	29663	14305	12162	47387	19011	69402	46623	40994	185639	186	309713	167235	1497016	0	0	0
LFQ	10	190	0	0	0	0	156	127	8347	12995	8	9816	2683	2004	2696	553	5817	4347	11470	4518	4066	1343	2791	4626	11102	2097	17135	7540	31969	11773	12211	48581	18403	69238	47052	40337	186564	158	310527	168766	1489170	0	0	0
LFQ	11	62	0	0	0	0	192	137	8067	12277	24	8333	2292	2064	2847	543	5794	4390	11499	4517	3939	1349	2837	4701	11013	2021	17287	7558	34460	9772	12764	49069	18910	70360	47107	41177	186945	171	310225	169920	1486553	0	0	0
LFQ	12	526	0	0	0	0	213	207	8221	12260	76	8505	2242	2065	2840	549	5645	4420	11042	4613	4162	1305	2934	4767	11310	2216	17448	7738	35555	8125	12638	49698	17836	70338	47857	41001	188164	189	313025	171868	1479578	0	0	0
LFQ	13	488	0	0	0	0	235	252	8511	12870	147	8829	2350	2180	2786	567	5741	4507	11030	4556	4177	1299	3050	4866	11412	2384	17873	7756	35795	8169	12720	50744	17263	70452	48347	40528	189006	201	314691	174775	1470619	0	0	0
LFQ	14	798	0	0	0	0	246	326	8809	13211	254	8751	2299	2158	2871	568	1531	7417	12674	4552	4424	1366	3210	4693	8330	5783	17998	7755	35538	7948	12670	28912	38058	49932	56061	43492	35094	121145	92728	258492	171059	496856	983167	0
LFQ	15	484	0	0	0	0	292	409	8801	13400	414	8975	2349	2286	2865	606	1871	7723	12698	4593	4511	1378	3212	4778	8704	6076	18505	7933	35051	8071	12947	30194	38382	49990	57358	43572	36633	120695	93501	260207	171480	496588	973644	0
LFQ	16	450	0	0	0	0	301	466	8971	13868	606	8604	2235	2211	2983	578	2128	7826	11888	4782	4622	1403	3449	4639	8568	6708	18750	8002	34512	8287	12792	30833	38162	49411	57638	44198	37871	120412	94283	262037	173451	497618	965633	0
LFQ	17	386	0	0	0	0	302	628	9047	14072	858	8432	2131	2214	3016	633	2367	7965	11749	4682	4865	1429	3592	4700	8958	7241	18499	8221	34127	8598	12828	32403	37925	49360	58120	43005	40064	120452	95412	263766	174469	498319	956341	0
LFQ	18	774	0	0	0	0	312	744	9035	14815	1146	8474	2063	2231	3031	655	2821	8296	11306	4880	4894	1581	3939	4649	9171	7881	19005	8524	33369	8626	12905	34026	37817	48318	59804	42668	42617	118154	96427	266370	174943	499846	945059	0
LFQ	19	430	0	0	0	0	373	872	9255	15135	1496	8119	1923	2327	3121	716	3353	7880	4041	12465	5048	1586	4096	4652	9265	8459	19084	9063	32317	9088	12963	35658	37929	47546	41893	61194	44787	100495	104592	238474	204445	506558	940478	0
LFQ	20	498	0	0	0	0	410	1063	9237	15463	1934	7570	1834	2402	3250	770	3848	8169	4368	11438	5139	1666	4599	4568	9381	9161	19298	9267	31179	9442	12955	37546	38025	46786	42953	60221	48582	99926	105267	241132	205907	506946	928976	0
LFQ	21	1234	0	0	0	0	451	1276	9258	16063	2463	7332	1529	2470	3286	866	4399	8810	4508	10311	5273	1780	4987	4767	9572	10039	19638	9742	30089	9701	13327	39639	38026	45808	43977	60078	51941	99597	105462	244991	206010	507244	915232	0
LFQ	22	551	0	0	0	0	514	1491	9821	16535	3113	6851	1428	2659	3280	879	5162	8959	4821	9650	5277	1941	5390	4923	9945	10627	20240	10009	29317	9978	13428	41475	38133	45091	45333	58989	55695	99491	105669	249208	206630	506181	902492	0
LFQ	23	626	0	0	0	0	535	1806	9712	16895	3680	6199	1273	2814	3313	1084	5954	9415	4623	8903	5468	2042	5932	5060	10096	11563	20762	10451	27766	10342	13521	44094	38661	44420	47105	58662	60319	98522	106289	252003	207229	506627	887410	0
LFQ	24	419	0	0	0	0	619	2155	10045	17419	4327	5315	1098	2796	3536	1145	6792	9361	4488	8163	5510	2299	6605	5139	10021	12188	21098	10703	27149	11169	13922	45972	39042	43706	48981	57650	64466	96947	107019	257349	201554	502165	882844	0
LFQ	25	216	0	0	0	0	699	2399	10100	18040	5017	5089	1000	3000	3636	1290	7526	9934	4250	7617	5507	2417	7086	5407	10182	13069	21287	11521	26355	11748	14539	47976	39703	42684	51106	56901	69660	96759	108026	261314	199729	505808	862579	0
LFQ	26	165	0	0	0	0	761	2871	9464	18120	6025	4533	974	3208	3880	1531	8431	9959	3980	7386	5773	2703	7565	5802	10339	13775	21697	12258	25363	13028	14757	49714	40306	43032	53586	55938	74477	95012	109685	263863	198640	508648	843927	0
LFQ	27	181	0	0	0	0	837	3307	9677	18333	6868	3832	907	3277	4117	1727	9033	9797	3639	7034	5845	2988	8352	6105	10638	14646	21752	13039	24731	13951	15279	51200	40974	42783	55932	55354	80018	94646	111015	266760	198334	508405	825863	0
LFQ	28	279	0	0	0	0	935	3835	9872	18710	7425	3255	893	3505	4060	1927	9809	9387	3315	6937	6049	3216	9128	6490	10953	15355	21538	14046	23958	14722	16125	53063	41981	42964	59184	55115	84739	93445	113648	269694	195610	509969	806040	0
LFQ	29	93	0	0	0	0	1019	4514	10392	18970	7975	2719	924	3679	4284	2245	10484	9122	3012	7044	6042	3758	10069	7019	10792	15888	21314	15071	23695	15714	16609	54113	43218	43041	62229	55331	90817	93211	115801	271933	196803	508609	783623	0
LFQ	30	26	0	0	0	0	1092	5142	10568	18778	8396	2270	973	3873	4582	2448	11154	8768	2693	7258	6175	4145	9628	7509	12301	16467	21029	16274	23201	16782	16995	54922	44409	43741	65003	54994	95966	92508	118667	273760	197050	508681	762948	0
LFQ	31	367	0	0	0	0	1236	5910	10912	19263	8749	1736	1075	4246	4766	2812	11438	8197	2479	7296	6271	4426	10215	8018	12393	16708	20301	17218	23255	18282	17664	55003	45213	44512	68093	55069	101212	92688	120579	275526	198331	506518	743199	0
LFQ	32	243	0	0	0	0	1403	6334	11583	18894	8947	1355	1270	4583	5212	3177	11774	7821	2129	7535	6453	4937	10865	8620	12822	17251	19838	18584	22961	19630	18654	54673	46336	45227	70910	55070	106502	93380	123290	275564	199463	503029	724857	0
LFQ	33	871	0	0	0	0	1514	7286	11819	18791	8985	1133	1386	4707	5660	3463	12221	7287	2153	7852	6619	5543	11536	9362	13515	17571	19064	20182	22826	20885	18999	54089	48284	46158	73999	56715	111970	94278	126465	274174	201512	496956	705346	0
LFQ	34	930	0	0	0	0	1746	8010	12465	18933	8949	898	1620	5110	5896	3854	12284	6511	2078	8191	6733	6028	12397	9809	13685	18101	18384	21680	23154	22605	20576	53189	48766	47517	78016	57964	117210	95211	130063	275275	202538	491629	683171	0
LFQ	35	230	0	0	0	0	1883	8796	13180	18589	8825	738	1886	5686	6384	4261	12369	6218	2146	8412	6985	6721	12323	10663	14349	18636	17563	24011	23091	24418	21365	53272	50999	49298	80946	60550	124019	98024	133979	272808	205571	482458	659524	0
LFQ	36	1083	0	0	0	0	2070	9722	13642	19118	8923	674	2165	5625	6733	4678	12035	5578	2267	8971	7107	7344	13017	11318	15122	19005	16499	25491	23457	26301	22118	52343	52487	51234	84698	63440	129503	100695	138224	270391	209927	474285	633886	0
LFQ	37	1000	0	0	0	0	2240	10571	14050	18831	8463	781	2462	6229	7274	5231	11684	5182	2243	9251	7284	7922	13469	11960	15411	19489	15740	27427	23118	27995	23605	51215	53646	52992	87692	66352	136059	104105	142417	267067	212912	465271	612536	0
LFQ	38	1113	0	0	0	0	2523	11491	15163	19180	8169	792	2866	6517	7636	5550	11457	4861	2481	9577	7488	8734	14132	12573	16266	19587	14947	29536	23404	30124	25128	50260	55973	54840	91686	70583	144040	107456	145506	263906	215397	453699	586535	0
LFQ	39	1343	0	0	0	0	2754	12091	15594	19150	7571	905	3207	6858	8091	5824	10998	4559	2623	10361	7657	9522	12339	13106	19951	19980	14111	31357	23668	32426	26457	49675	57464	56819	94658	75851	152663	112377	149698	256231	220177	441584	561476	0
LFQ	40	551	0	0	0	0	3064	12942	16634	18677	7251	1003	3658	7283	8745	6133	11001	4435	2815	11062	7667	10451	12945	13725	21204	20214	13586	33502	24273	34033	27993	49087	59991	59587	99314	80728	163240	116487	153771	251761	223158	425844	533361	0
LFQ	41	546	0	0	0	0	3353	13512	17008	18845	6704	1159	4057	7702	8982	6507	10579	4094	3058	11654	7785	11193	13295	14392	22400	20718	12729	35675	23734	36027	29542	48753	61907	61343	102994	86346	173553	121691	159127	245546	225869	411899	506898	0
LFQ	42	434	0	0	0	0	3730	14158	17839	19294	6123	1297	4428	7715	9449	6677	10055	3935	3316	12639	7891	12092	13908	15053	23374	20558	12424	38053	24004	38407	31980	48716	64341	63679	106849	92339	185852	126198	162691	239205	227157	396383	478933	0
LFQ	43	355	0	0	0	0	4101	14615	18652	19063	5641	1489	4827	7940	9902	7090	9566	3868	3525	13403	7865	13004	14313	15802	24374	21066	12144	39828	24470	40152	33357	49389	66216	66083	111886	99259	199140	131269	166276	232283	227175	378977	452811	0
LFQ	44	377	0	0	0	0	4546	15304	19719	19370	5035	1593	5291	8139	10110	7203	9110	3884	3748	14248	7750	13961	14911	16375	25521	21216	11980	42374	24771	42023	35545	49684	69135	68163	116248	106690	213987	136500	169186	223172	227688	360944	425675	0
LFQ	45	230	0	0	0	0	5051	15704	20264	19749	4582	1844	5810	8143	10455	7385	8033	2872	3889	13725	7323	20565	11530	16638	27910	21277	14105	44381	24663	43134	37895	50849	71475	70169	121484	113294	229030	141811	172476	215271	226573	344198	397389	0
LFQ	46	483	0	0	0	0	5555	16457	21491	19962	4071	2043	6463	8032	10760	7381	7856	2840	4173	14708	7258	22084	11900	16883	29893	21755	14441	46658	24758	44628	39949	51911	74157	72010	126953	121232	246451	145782	174742	205571	224731	325028	370126	0
LFQ	47	301	0	0	0	0	6293	16505	22928	20377	3664	2318	7051	8323	11224	7788	7833	2813	4667	15861	7210	23790	11774	17730	31641	22274	14513	48975	25260	46375	42764	53389	77186	74362	132159	129391	263511	149990	176535	196913	222452	303379	341657	0
LFQ	48	461	0	0	0	0	6897	17144	23738	20764	3244	2691	7606	8339	11128	7829	7646	2696	4996	16630	7034	25620	11963	18535	33184	22370	14830	50967	25308	47833	44996	55120	79897	76352	137739	138202	282228	153560	177668	186355	219652	284517	315437	0
LFQ	49	93	0	0	0	0	7506	17099	25168	20307	2800	2921	7991	8579	11419	7737	7782	2646	5395	17672	6740	27794	12270	18728	29481	26775	13714	52720	29905	48465	47880	57234	82733	78540	144052	147197	301467	157639	177571	170210	220219	264718	290009	0
LFQ	50	291	0	0	0	0	8180	17713	26715	20561	2431	3296	8448	8647	11566	8029	8030	2682	5713	18771	6524	29587	12159	19485	30624	27930	14407	54482	30975	48896	50330	59776	85718	80504	150941	156668	320182	159274	177230	160577	213745	244733	265356	0
LFQ	51	101	0	0	0	0	8680	16743	27181	20235	1978	4137	10110	9691	12951	7529	8912	2505	6000	20442	5650	35744	12961	23268	34532	33952	17181	65272	35752	61959	59954	79484	113859	105668	188890	204604	262367	170046	164297	168128	251990	196772	101651	0
LFQ	52	98	0	0	0	0	9747	16959	28883	20142	1718	4309	10033	9047	11810	7197	8970	2477	6677	20795	5904	35778	12362	21573	34992	31805	16087	61259	34680	54001	57901	71591	103581	96186	186792	199363	310228	171832	159401	153146	241718	211608	120526	0
LFQ	53	345	0	0	0	0	10732	17205	30793	20204	1393	4607	10350	8655	11413	7351	9460	2511	6902	22097	5533	36986	12331	21138	35429	31423	15880	60000	34518	50731	57510	68870	99051	90188	180949	192955	360784	167871	164428	136460	208101	199368	156654	0
LFQ	54	298	0	0	0	0	11653	16956	31843	19742	1173	5168	10835	8986	10989	7212	9831	2491	7302	22872	5088	39177	12243	21273	36103	32513	16312	59575	36120	49084	58822	69239	98240	88020	181701	193948	397612	164714	165745	121828	189355	177068	170045	0
LFQ	55	393	0	0	0	0	12621	16679	33788	19786	960	5699	11011	7794	10699	8380	10705	2302	8256	24058	4771	38713	14315	20891	37925	22466	27685	59495	36491	48609	60476	71348	100532	88242	185508	201451	424108	162864	161917	111550	176293	158340	164055	0
LFQ	56	891	0	0	0	0	13703	16797	35871	19539	810	6155	11193	7784	10109	8541	11409	2301	8567	25462	4424	40800	14616	21352	39847	23334	29580	59812	38046	47774	62254	73220	102446	88883	192549	209139	444499	161714	157999	101724	165007	142495	150530	0
LFQ	57	374	0	0	0	0	14829	16275	37590	19239	642	6862	11925	8256	9981	8448	12209	2183	9356	26580	4066	43279	14716	21531	41339	23325	31529	60099	39572	47001	64324	75051	106261	90167	198917	218245	464310	159100	152992	92881	153825	128331	135566	0
LFQ	58	262	0	0	0	0	15981	15793	39582	19029	512	7655	12373	8357	9726	8531	13412	2194	9909	27537	3757	46023	14921	21679	43757	24193	33250	60091	41621	45789	65691	76834	108793	91178	205327	227404	483006	156313	147247	83990	143314	114541	121604	0
LFQ	59	283	0	0	0	0	14186	12404	34494	16782	353	7962	11806	6902	8748	4990	13149	1656	8964	26578	2769	37624	10417	29841	28504	18003	26934	75614	40169	42088	61529	73059	103969	88990	208198	227084	557089	158127	148571	67546	151550	103666	120578	0
LFQ	60	7	0	0	0	0	15078	11908	35633	15876	278	8096	11186	6839	7996	4833	13169	1674	8955	26413	2448	36747	9734	29417	27679	16931	27216	72629	39372	39108	59936	70289	99692	83694	207403	225023	620762	157935	147739	60745	139583	92731	116422	0
LFQ	61	0	0	0	0	0	15811	11030	36727	15518	205	8805	11075	6781	7226	4787	13511	1548	9415	27190	2240	37245	9568	29434	27906	16632	28197	72187	39954	36679	60127	70087	99354	82215	208158	226905	664209	155249	143620	53696	128189	81345	108351	0
LFQ	62	54	0	0	0	0	16614	10676	38400	15290	153	9343	10840	6970	6870	4758	14457	1592	9834	28077	1974	38547	9409	30213	28346	16385	29615	72270	41463	35663	60309	70740	99972	82171	212131	231356	693763	151688	136253	48285	118007	71860	96828	0
LFQ	63	242	0	0	0	0	17745	10783	41928	15828	160	10340	10770	7269	6759	4263	15419	1594	10237	29545	1781	39673	9087	31446	29006	16562	31787	72577	43065	34073	61466	71686	102048	82359	216329	237691	712299	147796	128737	42893	107286	63430	85217	0
LFQ	64	305	0	0	0	0	18577	9790	41615	15343	89	11142	10983	7436	6321	3997	16286	1487	10906	30830	1634	41055	8677	32331	30240	16416	32978	73414	44962	32983	61905	71859	104729	83168	221965	242391	733354	144630	120440	37748	98494	55630	75066	0
LFQ	65	163	0	0	0	0	19830	9424	43158	15150	56	11977	10590	7691	5770	4005	16060	2486	11238	23062	10191	42754	8397	21587	42705	16173	34635	69939	28752	30772	86454	72885	106664	84257	226899	248965	748155	140458	112733	34091	89011	48528	65511	0
LFQ	66	282	0	0	0	0	20725	8867	44693	15057	58	12811	10340	7882	5218	3809	17252	2520	11895	22899	10784	43881	7946	21965	43942	16058	36034	70049	29437	28673	88054	73093	108526	85515	231837	255303	764041	136168	105178	29916	80612	42645	57211	0
LFQ	67	77	0	0	0	0	21739	8418	46049	15165	39	13665	10154	8148	4898	3496	18392	2536	12215	23365	11503	45234	7760	22480	45363	16075	37580	69612	30306	27487	90315	73659	110749	85732	236924	261197	775588	131744	97190	26708	73212	36816	49586	0
LFQ	68	231	0	0	0	0	23245	7881	48327	15111	31	14381	9685	8333	4415	3394	19184	2607	12880	23686	11988	46655	7404	22894	46154	15990	39485	69110	31258	26023	92764	73727	112745	86429	241789	266101	785292	127080	90057	23605	66277	32066	42892	0
LFQ	69	107	0	0	0	0	22260	6713	44966	14355	24	15057	9057	7551	3871	2907	19245	2254	12845	21807	12016	45545	6551	21273	46681	15137	38451	66848	30082	23508	90573	70722	109350	84769	239607	262627	839093	128651	86153	18040	65150	26745	40585	0
LFQ	70	291	0	0	0	0	23730	6128	46807	14448	30	15777	8737	7892	3481	2722	19819	2249	13212	22087	12647	45326	6325	6229	30925	45200	39454	64093	30646	21684	89709	69148	107171	82433	235126	258582	877738	126429	81147	15700	59126	22257	36671	0
LFQ	71	310	0	0	0	0	24898	5777	48433	14697	20	17139	8498	7738	3209	2447	20645	2259	13554	22471	13300	45995	6019	5855	31506	46340	40691	62833	31376	20304	91046	68536	106412	82470	234115	260691	895764	123246	74929	13665	53143	18813	32032	0
LFQ	72	512	0	0	0	0	25464	5272	49693	14859	35	17964	8178	7996	2910	2453	21365	2379	14010	22508	14161	46562	5807	5541	32006	47047	42106	62374	32177	18940	92496	68520	107429	82468	235331	262417	908179	120047	69110	11590	48122	15905	27243	0
LFQ	73	608	0	0	0	0	26421	4878	51796	14807	31	18956	7620	8142	2623	2266	22014	2375	14443	22968	14776	47398	5391	5341	32345	48271	43573	62099	32247	17770	93354	68322	108537	83354	237493	264944	916200	116792	63446	10110	43256	13129	23080	0
LFQ	74	364	0	0	0	0	27751	4498	52674	14814	24	20291	7782	8429	2470	2174	23265	2387	14949	23283	15860	48576	5217	4919	33193	49534	45100	61563	33267	16581	94769	67859	109776	84007	238732	267894	919889	113753	58430	8386	38735	10932	19049	0
LFQ	75	1163	0	0	0	0	28871	4052	54173	15417	25	21351	6950	8510	2194	2067	23927	2451	15245	23862	16877	49341	4982	4716	33630	50630	46738	29616	65327	15478	96470	68082	110665	84522	239718	271470	923020	109724	53876	7147	34155	8966	15768	0
LFQ	76	2084	0	0	0	0	29409	3810	55262	15718	32	22399	6642	8722	1969	1829	24868	2446	15754	23646	17647	49785	4633	4399	33938	52148	48070	28321	67159	13978	98498	67962	112399	85586	241548	274025	924698	105952	49291	6147	30197	7290	12915	0
LFQ	77	1856	0	0	0	0	30672	3353	56587	15744	32	23340	6356	8967	1686	1695	25728	2582	16282	24212	18475	50659	4512	4322	34341	53680	49626	27048	68966	13020	100308	67974	113433	85557	243226	276530	924396	102806	45196	5180	26486	5887	10456	0
LFQ	78	113	0	0	0	0	31243	3003	57769	16098	35	25342	6523	9098	1528	1592	26413	2501	16570	24615	19122	51019	4297	4086	35137	54336	50255	25431	69790	12128	101866	68115	115246	86737	245050	279893	924720	99526	41503	4274	23066	4690	8446	0
LFQ	79	591	0	0	0	0	32389	2681	58306	16061	28	25726	5696	9282	1273	1568	27187	2523	17068	24510	19656	51505	4074	4124	35567	55884	51850	23927	72018	11101	103276	68008	115559	86929	246428	281796	926419	96662	37592	3438	19987	3781	6706	0
LFQ	80	967	0	0	0	0	33844	2490	60325	16549	29	26433	5133	9426	1190	1553	27756	2562	17814	25026	20701	52214	3950	3827	36406	56320	53262	22913	73796	10365	105118	69136	116371	87678	246769	284217	920575	94634	33877	2911	16901	2967	5171	0
LFQ	81	1429	0	0	0	0	34992	2127	61162	16826	33	27220	4668	9681	1049	1395	28443	2684	18059	25386	21350	52312	3789	3662	36344	57719	54248	21831	75221	9491	106119	69237	117451	88359	247817	286340	919354	91812	30557	2372	14567	2166	3904	0
LFQ	82	1471	0	0	0	0	35630	1917	63040	17360	47	28241	4276	10071	914	1368	29844	2727	18116	25721	22214	53414	3684	3657	36921	58403	55114	20600	76873	8912	107867	68358	118835	88857	249216	288452	913522	89484	27338	1827	12441	1560	2884	0
LFQ	83	1010	0	0	0	0	36930	1791	64072	17495	29	29466	3995	10306	785	1254	30506	2866	18692	26256	23156	53694	3443	3556	37575	59353	56640	19623	78409	8066	108336	69011	119306	89735	250837	290451	907736	87149	24467	1520	10468	1153	2039	0
LFQ	84	638	0	0	0	0	37792	1519	65195	18408	41	30326	3778	10139	689	1274	31027	2738	19142	26581	24013	54113	3416	3442	37902	60632	58204	18665	79245	7641	110162	68546	121070	90350	250428	292372	903266	84716	21558	1264	8661	807	1416	0
LFQ	85	577	0	0	0	0	39140	1390	67221	18447	44	31205	3471	10346	537	1177	31710	2850	19479	27511	24787	54829	3231	3416	38503	61766	58865	17489	81076	7021	111537	68990	122660	91250	250612	293673	895707	82057	18994	930	7161	593	924	0
LFQ	86	550	0	0	0	0	40650	1168	69923	18807	51	32557	3205	10639	518	1103	32560	2958	20462	27837	25631	55574	3143	3353	39349	62693	60741	16728	83333	6533	113249	69441	123755	92015	250252	295020	884071	79285	16533	758	5782	360	589	0
LFQ	87	32	0	0	0	0	41338	1082	69866	19260	61	33961	3042	10773	405	1068	33710	2883	20540	28215	26429	56465	3133	3145	39789	64387	62453	16079	83832	6013	114574	69790	124424	93839	250011	297949	875925	76609	14498	520	4484	223	369	0
LFQ	88	416	0	0	0	0	42068	903	70811	19484	30	33459	2601	10961	385	1130	33901	3022	20546	28366	26907	56927	3038	3328	39881	64447	63032	15021	85632	5664	116297	69863	126145	93813	252888	300861	867794	74700	12811	434	3258	123	229	0
LFQ	89	249	0	0	0	0	43720	842	72359	20161	47	35205	2392	11079	310	1055	35264	3100	21159	29171	27993	57380	2966	3138	41028	65899	64294	14592	86898	5376	116799	70590	126770	94098	250819	300822	859397	72306	10958	269	2502	73	96	0
LFQ	90	1021	0	0	0	0	44540	685	74049	20429	49	35086	2128	11108	245	932	35304	3183	21464	29142	28142	57675	2859	3143	41380	65817	65200	13902	87401	4931	117913	70913	127550	94708	252377	302540	853391	70456	9394	184	1847	38	50	0
LFQ	91	213	0	0	0	0	45461	661	74637	20744	50	37037	2042	11465	210	962	36201	3166	21843	29740	29145	57645	2798	3205	41458	67133	65854	13195	88458	4712	119206	70989	128335	95598	251976	302639	846073	68869	8023	157	1237	13	26	0
LFQ	92	327	0	0	0	0	46318	560	76609	21207	56	37016	1739	11393	183	946	36433	3268	21788	30195	29708	58161	2715	3181	41478	67529	66480	12502	89751	4472	119627	71394	129738	96615	252452	305309	837114	67208	6750	90	855	7	2	0
LFQ	93	399	0	0	0	0	47486	503	77571	21697	43	38128	1667	11759	150	914	37293	3390	22420	30294	30627	59026	2639	3234	42363	68671	68368	11976	90604	4178	120611	71905	129457	96259	250383	305951	829091	65989	5547	53	528	2	0	0
LFQ	94	672	0	0	0	0	49082	401	79628	22043	51	38646	1504	12217	130	909	38420	3451	22687	31038	31597	60137	2648	3296	42971	69108	69183	11850	91522	3966	122325	71124	130731	97683	250157	306106	817113	63876	4510	49	345	0	0	0
LFQ	95	295	0	0	0	0	50504	333	81056	22630	47	39914	1415	833	11679	901	38607	3413	23344	31251	31955	60400	2589	3267	43472	70253	70161	11357	92583	3736	123232	72167	132498	97578	249689	307798	805654	62720	3614	32	199	0	0	0
LFQ	96	753	0	0	0	0	50797	304	82816	23133	53	40207	1263	796	11537	895	39205	3463	23355	32021	32770	60903	2586	3107	43833	71027	70919	10880	93853	3613	124634	72553	132843	98305	250016	308111	796554	60892	3082	7	90	0	0	0
LFQ	97	123	0	0	0	0	52481	269	84383	23970	55	42078	1208	766	11917	833	40605	3535	23880	32842	33444	61560	2504	3235	44560	72010	72349	10310	95589	3473	126266	72991	133364	98904	248752	308839	782042	59494	2490	8	47	0	0	0
LFQ	98	394	0	0	0	0	53413	215	86699	24416	51	42782	1014	783	12244	846	41638	3677	24800	33282	34587	63059	2336	3127	45481	73255	73747	10156	96586	3302	127742	73372	134770	99706	247224	308096	768994	57364	1991	5	22	0	0	0
LFQ	99	298	0	0	0	0	54482	220	87423	24753	62	43519	832	733	12050	839	41861	3723	24804	33325	35238	62575	2454	3151	46035	74003	74866	9872	97234	3042	128336	73874	135753	100972	246962	310341	759865	56028	1646	0	5	0	0	0
LFQ	100	87	0	0	0	0	63748	187	101352	28239	83	49869	977	695	15627	776	47353	4855	27630	40694	41603	69777	2384	4085	51287	82377	87068	9209	107809	2969	142599	81407	148832	108114	242895	323458	619850	42350	931	0	0	0	0	0
# GC Content of first fragments. Use `grep ^GCF | cut -f 2-` to extract this part.
GCF	1.76	0
GCF	4.02	1
GCF	5.03	0
GCF	6.53	1
GCF	8.04	0
GCF	9.05	1
GCF	10.55	7
GCF	12.06	14
GCF	13.07	33
GCF	14.07	51
GCF	15.08	110
GCF	16.08	146
GCF	17.09	232
GCF	18.09	265
GCF	19.10	433
GCF	20.10	615
GCF	21.11	870
GCF	22.11	1187
GCF	23.12	1641
GCF	24.12	2213
GCF	25.13	2992
GCF	26.13	3814
GCF	27.14	4753
GCF	28.14	5499
GCF	29.15	6621
GCF	30.15	7835
GCF	31.16	9168
GCF	32.16	10529
GCF	33.17	12385
GCF	34.17	14030
GCF	35.18	15908
GCF	36.18	18125
GCF	37.19	20855
GCF	38.19	23932
GCF	39.20	27092
GCF	40.20	31233
GCF	41.21	35851
GCF	42.21	41080
GCF	43.22	46023
GCF	44.22	53575
GCF	45.23	61336
GCF	46.23	71098
GCF	47.24	81596
GCF	48.24	91498
GCF	49.25	103051
GCF	50.25	114933
GCF	51.26	124539
GCF	52.26	135069
GCF	53.27	141059
GCF	54.27	144607
GCF	55.28	143888
GCF	56.28	139802
GCF	57.29	132078
GCF	58.29	120890
GCF	59.30	107551
GCF	60.30	94270
GCF	61.31	79241
GCF	62.31	65184
GCF	63.32	52005
GCF	64.32	39785
GCF	65.33	30357
GCF	66.33	22113
GCF	67.34	15802
GCF	68.34	11221
GCF	69.35	7863
GCF	70.35	5341
GCF	71.36	3596
GCF	72.36	2414
GCF	73.37	1551
GCF	74.37	975
GCF	75.38	663
GCF	76.38	460
GCF	77.39	348
GCF	78.39	237
GCF	79.40	148
GCF	80.40	121
GCF	81.41	112
GCF	82.41	64
GCF	83.42	46
GCF	84.42	28
GCF	85.43	19
GCF	86.43	21
GCF	87.44	12
GCF	88.44	7
GCF	89.45	0
GCF	90.45	2
GCF	93.47	0
GCF	96.48	1
# GC Content of last fragments. Use `grep ^GCL | cut -f 2-` to extract this part.
GCL	0.75	1
GCL	2.01	8
GCL	3.02	5
GCL	4.02	11
GCL	5.03	5
GCL	6.03	11
GCL	7.04	7
GCL	8.04	9
GCL	9.05	20
GCL	10.05	21
GCL	11.06	27
GCL	12.06	32
GCL	13.07	41
GCL	14.07	60
GCL	15.08	115
GCL	16.08	161
GCL	17.09	245
GCL	18.09	315
GCL	19.10	424
GCL	20.10	681
GCL	21.11	837
GCL	22.11	1236
GCL	23.12	1675
GCL	24.12	2124
GCL	25.13	2954
GCL	26.13	3906
GCL	27.14	4735
GCL	28.14	5497
GCL	29.15	6434
GCL	30.15	7687
GCL	31.16	9025
GCL	32.16	10454
GCL	33.17	12316
GCL	34.17	14054
GCL	35.18	15770
GCL	36.18	18065
GCL	37.19	20688
GCL	38.19	23837
GCL	39.20	26931
GCL	40.20	30834
GCL	41.21	34995
GCL	42.21	40514
GCL	43.22	46204
GCL	44.22	53028
GCL	45.23	60783
GCL	46.23	69867
GCL	47.24	80936
GCL	48.24	91113
GCL	49.25	103226
GCL	50.25	113560
GCL	51.26	123273
GCL	52.26	133797
GCL	53.27	140316
GCL	54.27	143702
GCL	55.28	144405
GCL	56.28	139382
GCL	57.29	132527
GCL	58.29	121534
GCL	59.30	108499
GCL	60.30	95507
GCL	61.31	80097
GCL	62.31	66290
GCL	63.32	53667
GCL	64.32	41090
GCL	65.33	31263
GCL	66.33	23300
GCL	67.34	16707
GCL	68.34	11862
GCL	69.35	8611
GCL	70.35	5931
GCL	71.36	4114
GCL	72.36	2839
GCL	73.37	1819
GCL	74.37	1223
GCL	75.38	968
GCL	76.38	660
GCL	77.39	484
GCL	78.39	398
GCL	79.40	316
GCL	80.40	244
GCL	81.41	190
GCL	82.41	134
GCL	83.42	115
GCL	84.42	87
GCL	85.43	62
GCL	86.43	51
GCL	87.44	62
GCL	88.44	35
GCL	89.45	36
GCL	90.45	22
GCL	91.46	17
GCL	92.46	13
GCL	93.47	6
GCL	94.47	11
GCL	95.48	7
GCL	96.48	6
GCL	97.49	5
GCL	98.49	4
GCL	99.50	2
# ACGT content per cycle. Use `grep ^GCC | cut -f 2-` to extract this part. The columns are: cycle; A,C,G,T base counts as a percentage of all A/C/G/T bases [%]; and N and O counts as a percentage of all A/C/G/T bases [%]
GCC	1	23.57	26.32	26.51	23.60	0.10	0.00
GCC	2	24.16	25.68	25.91	24.25	0.04	0.00
GCC	3	23.92	25.94	26.13	24.01	0.03	0.00
GCC	4	23.70	26.10	26.33	23.87	0.04	0.00
GCC	5	24.01	25.83	26.02	24.14	0.04	0.00
GCC	6	23.68	26.13	26.38	23.80	0.01	0.00
GCC	7	24.00	25.84	26.09	24.07	0.00	0.00
GCC	8	24.22	25.63	25.85	24.30	0.01	0.00
GCC	9	24.05	25.76	25.98	24.22	0.00	0.00
GCC	10	24.22	25.62	25.83	24.33	0.00	0.00
GCC	11	24.26	25.53	25.81	24.40	0.00	0.00
GCC	12	24.12	25.70	25.95	24.23	0.01	0.00
GCC	13	24.21	25.59	25.83	24.36	0.01	0.00
GCC	14	24.35	25.50	25.70	24.46	0.02	0.00
GCC	15	24.16	25.66	25.89	24.29	0.01	0.00
GCC	16	24.17	25.63	25.85	24.34	0.01	0.00
GCC	17	24.24	25.61	25.81	24.34	0.01	0.00
GCC	18	24.01	25.86	26.02	24.11	0.02	0.00
GCC	19	24.03	25.84	25.97	24.17	0.01	0.00
GCC	20	24.10	25.74	25.96	24.21	0.01	0.00
GCC	21	23.88	25.94	26.15	24.03	0.02	0.00
GCC	22	23.93	25.92	26.09	24.06	0.01	0.00
GCC	23	24.04	25.78	26.00	24.18	0.01	0.00
GCC	24	23.86	26.00	26.18	23.96	0.01	0.00
GCC	25	23.93	25.92	26.15	24.01	0.00	0.00
GCC	26	24.00	25.85	26.07	24.08	0.00	0.00
GCC	27	23.80	26.01	26.24	23.96	0.01	0.00
GCC	28	23.88	25.97	26.18	23.97	0.01	0.00
GCC	29	23.94	25.89	26.10	24.08	0.00	0.00
GCC	30	23.78	26.03	26.28	23.91	0.00	0.00
GCC	31	23.81	26.03	26.22	23.93	0.01	0.00
GCC	32	23.93	25.90	26.11	24.06	0.01	0.00
GCC	33	23.77	26.11	26.25	23.87	0.02	0.00
GCC	34	23.78	26.03	26.25	23.93	0.02	0.00
GCC	35	23.92	25.93	26.12	24.03	0.00	0.00
GCC	36	23.73	26.09	26.32	23.85	0.02	0.00
GCC	37	23.78	26.06	26.27	23.89	0.02	0.00
GCC	38	23.85	25.97	26.16	24.02	0.02	0.00
GCC	39	23.72	26.15	26.31	23.82	0.03	0.00
GCC	40	23.74	26.06	26.29	23.91	0.01	0.00
GCC	41	23.84	25.98	26.22	23.96	0.01	0.00
GCC	42	23.72	26.14	26.34	23.80	0.01	0.00
GCC	43	23.74	26.10	26.29	23.87	0.01	0.00
GCC	44	23.83	26.00	26.23	23.94	0.01	0.00
GCC	45	23.69	26.17	26.38	23.77	0.00	0.00
GCC	46	23.73	26.12	26.34	23.81	0.01	0.00
GCC	47	23.83	26.00	26.20	23.96	0.01	0.00
GCC	48	23.68	26.19	26.36	23.77	0.01	0.00
GCC	49	23.69	26.12	26.33	23.86	0.00	0.00
GCC	50	23.82	26.02	26.21	23.95	0.01	0.00
GCC	51	23.65	26.19	26.39	23.77	0.00	0.00
GCC	52	23.72	26.16	26.30	23.82	0.00	0.00
GCC	53	23.79	26.03	26.22	23.96	0.01	0.00
GCC	54	23.62	26.23	26.38	23.77	0.01	0.00
GCC	55	23.69	26.16	26.32	23.83	0.01	0.00
GCC	56	23.75	26.03	26.24	23.98	0.02	0.00
GCC	57	23.62	26.23	26.40	23.75	0.01	0.00
GCC	58	23.67	26.16	26.36	23.81	0.01	0.00
GCC	59	23.82	26.02	26.26	23.90	0.01	0.00
GCC	60	23.67	26.19	26.39	23.75	0.00	0.00
GCC	61	23.74	26.12	26.32	23.82	0.00	0.00
GCC	62	23.79	26.01	26.25	23.96	0.00	0.00
GCC	63	23.63	26.21	26.36	23.80	0.01	0.00
GCC	64	23.69	26.13	26.37	23.81	0.01	0.00
GCC	65	23.86	26.01	26.24	23.89	0.00	0.00
GCC	66	23.63	26.20	26.43	23.74	0.01	0.00
GCC	67	23.70	26.19	26.32	23.79	0.00	0.00
GCC	68	23.83	26.00	26.25	23.92	0.01	0.00
GCC	69	23.64	26.19	26.38	23.79	0.01	0.00
GCC	70	23.72	26.14	26.33	23.82	0.01	0.00
GCC	71	23.80	26.01	26.25	23.94	0.01	0.00
GCC	72	23.65	26.19	26.34	23.81	0.01	0.00
GCC	73	23.71	26.13	26.33	23.83	0.01	0.00
GCC	74	23.84	26.02	26.25	23.89	0.01	0.00
GCC	75	23.63	26.20	26.38	23.78	0.02	0.00
GCC	76	23.70	26.15	26.32	23.83	0.04	0.00
GCC	77	23.82	26.02	26.27	23.89	0.04	0.00
GCC	78	23.62	26.19	26.39	23.79	0.00	0.00
GCC	79	23.69	26.16	26.34	23.81	0.01	0.00
GCC	80	23.78	26.06	26.28	23.89	0.02	0.00
GCC	81	23.64	26.20	26.41	23.74	0.03	0.00
GCC	82	23.70	26.17	26.36	23.77	0.03	0.00
GCC	83	23.77	26.08	26.27	23.88	0.03	0.00
GCC	84	23.62	26.22	26.44	23.72	0.02	0.00
GCC	85	23.66	26.19	26.39	23.77	0.02	0.00
GCC	86	23.77	26.10	26.25	23.88	0.01	0.00
GCC	87	23.58	26.27	26.42	23.73	0.00	0.00
GCC	88	23.66	26.18	26.39	23.77	0.01	0.00
GCC	89	23.75	26.11	26.28	23.86	0.01	0.00
GCC	90	23.59	26.25	26.46	23.70	0.02	0.00
GCC	91	23.62	26.22	26.39	23.76	0.01	0.00
GCC	92	23.73	26.12	26.30	23.84	0.01	0.00
GCC	93	23.58	26.26	26.47	23.69	0.02	0.00
GCC	94	23.65	26.20	26.44	23.71	0.02	0.00
GCC	95	23.75	26.15	26.27	23.83	0.01	0.00
GCC	96	23.57	26.30	26.46	23.67	0.02	0.00
GCC	97	23.58	26.25	26.44	23.73	0.01	0.00
GCC	98	23.70	26.13	26.35	23.82	0.01	0.00
GCC	99	23.56	26.26	26.52	23.66	0.01	0.00
GCC	100	23.54	26.27	26.53	23.66	0.00	0.00
# ACGT content per cycle for first fragments. Use `grep ^FBC | cut -f 2-` to extract this part. The columns are: cycle; A,C,G,T base counts as a percentage of all A/C/G/T bases [%]; and N and O counts as a percentage of all A/C/G/T bases [%]
FBC	1	23.60	26.30	26.50	23.60	0.06	0.00
FBC	2	24.18	25.62	25.88	24.31	0.00	0.00
FBC	3	24.06	25.76	25.97	24.21	0.00	0.00
FBC	4	23.93	25.88	26.07	24.12	0.00	0.00
FBC	5	24.09	25.77	25.96	24.19	0.00	0.00
FBC	6	23.79	26.04	26.28	23.89	0.00	0.00
FBC	7	24.07	25.78	26.00	24.16	0.00	0.00
FBC	8	24.23	25.60	25.82	24.35	0.00	0.00
FBC	9	24.10	25.73	25.93	24.24	0.00	0.00
FBC	10	24.25	25.57	25.80	24.38	0.00	0.00
FBC	11	24.30	25.49	25.77	24.44	0.00	0.00
FBC	12	24.08	25.71	25.96	24.25	0.00	0.00
FBC	13	24.19	25.59	25.88	24.35	0.01	0.00
FBC	14	24.33	25.54	25.68	24.45	0.00	0.00
FBC	15	24.15	25.69	25.89	24.27	0.00	0.00
FBC	16	24.20	25.61	25.86	24.33	0.00	0.00
FBC	17	24.23	25.62	25.78	24.37	0.00	0.00
FBC	18	24.01	25.84	26.05	24.09	0.00	0.00
FBC	19	24.05	25.84	25.93	24.18	0.00	0.00
FBC	20	24.12	25.71	25.97	24.20	0.00	0.00
FBC	21	23.92	25.93	26.12	24.03	0.00	0.00
FBC	22	23.97	25.91	26.06	24.06	0.00	0.00
FBC	23	24.08	25.77	26.00	24.15	0.00	0.00
FBC	24	23.88	26.02	26.17	23.93	0.00	0.00
FBC	25	23.93	25.89	26.14	24.05	0.00	0.00
FBC	26	24.02	25.82	26.06	24.09	0.00	0.00
FBC	27	23.78	26.03	26.22	23.96	0.01	0.00
FBC	28	23.93	25.97	26.15	23.95	0.00	0.00
FBC	29	23.95	25.89	26.07	24.08	0.00	0.00
FBC	30	23.81	26.04	26.25	23.90	0.00	0.00
FBC	31	23.83	26.03	26.20	23.94	0.00	0.00
FBC	32	23.92	25.91	26.12	24.05	0.00	0.00
FBC	33	23.78	26.09	26.26	23.87	0.00	0.00
FBC	34	23.80	26.02	26.24	23.93	0.01	0.00
FBC	35	23.93	25.93	26.08	24.06	0.00	0.00
FBC	36	23.74	26.09	26.31	23.86	0.00	0.00
FBC	37	23.77	26.05	26.27	23.91	0.01	0.00
FBC	38	23.84	25.98	26.13	24.04	0.00	0.00
FBC	39	23.74	26.12	26.34	23.80	0.00	0.00
FBC	40	23.76	26.05	26.26	23.93	0.00	0.00
FBC	41	23.84	25.96	26.21	23.98	0.00	0.00
FBC	42	23.72	26.12	26.31	23.85	0.00	0.00
FBC	43	23.78	26.05	26.28	23.90	0.00	0.00
FBC	44	23.88	26.00	26.20	23.92	0.00	0.00
FBC	45	23.72	26.15	26.37	23.76	0.00	0.00
FBC	46	23.74	26.11	26.32	23.83	0.00	0.00
FBC	47	23.90	25.97	26.13	24.00	0.00	0.00
FBC	48	23.70	26.16	26.31	23.83	0.00	0.00
FBC	49	23.70	26.05	26.30	23.96	0.00	0.00
FBC	50	23.84	25.94	26.23	23.99	0.00	0.00
FBC	51	23.68	26.13	26.34	23.85	0.00	0.00
FBC	52	23.75	26.11	26.26	23.89	0.00	0.00
FBC	53	23.83	25.98	26.18	24.02	0.00	0.00
FBC	54	23.66	26.22	26.33	23.80	0.00	0.00
FBC	55	23.73	26.11	26.32	23.85	0.00	0.00
FBC	56	23.78	25.98	26.22	24.01	0.00	0.00
FBC	57	23.66	26.20	26.35	23.78	0.01	0.00
FBC	58	23.73	26.07	26.31	23.88	0.00	0.00
FBC	59	23.86	25.99	26.25	23.91	0.00	0.00
FBC	60	23.69	26.16	26.39	23.75	0.00	0.00
FBC	61	23.77	26.09	26.30	23.84	0.01	0.00
FBC	62	23.80	25.97	26.22	24.01	0.01	0.00
FBC	63	23.64	26.17	26.33	23.87	0.00	0.00
FBC	64	23.69	26.07	26.39	23.84	0.00	0.00
FBC	65	23.90	25.95	26.22	23.93	0.00	0.00
FBC	66	23.65	26.19	26.37	23.79	0.00	0.00
FBC	67	23.75	26.12	26.31	23.83	0.00	0.00
FBC	68	23.85	25.98	26.22	23.95	0.01	0.00
FBC	69	23.64	26.15	26.38	23.83	0.01	0.00
FBC	70	23.74	26.12	26.29	23.85	0.00	0.00
FBC	71	23.83	25.98	26.22	23.97	0.00	0.00
FBC	72	23.64	26.16	26.35	23.85	0.00	0.00
FBC	73	23.73	26.08	26.35	23.84	0.00	0.00
FBC	74	23.84	25.98	26.26	23.92	0.00	0.00
FBC	75	23.64	26.18	26.37	23.80	0.00	0.00
FBC	76	23.76	26.10	26.30	23.84	0.00	0.00
FBC	77	23.84	25.99	26.27	23.90	0.00	0.00
FBC	78	23.65	26.17	26.37	23.81	0.00	0.00
FBC	79	23.73	26.15	26.30	23.82	0.00	0.00
FBC	80	23.81	26.04	26.20	23.95	0.00	0.00
FBC	81	23.67	26.16	26.40	23.77	0.01	0.00
FBC	82	23.74	26.11	26.33	23.82	0.00	0.00
FBC	83	23.79	26.03	26.26	23.92	0.02	0.00
FBC	84	23.63	26.18	26.43	23.76	0.01	0.00
FBC	85	23.67	26.14	26.36	23.82	0.01	0.00
FBC	86	23.79	26.06	26.21	23.94	0.00	0.00
FBC	87	23.63	26.23	26.37	23.77	0.00	0.00
FBC	88	23.69	26.15	26.35	23.80	0.01	0.00
FBC	89	23.77	26.11	26.25	23.87	0.01	0.00
FBC	90	23.63	26.22	26.42	23.73	0.00	0.00
FBC	91	23.64	26.19	26.37	23.80	0.01	0.00
FBC	92	23.79	26.06	26.28	23.87	0.01	0.00
FBC	93	23.61	26.22	26.43	23.74	0.02	0.00
FBC	94	23.70	26.13	26.41	23.75	0.00	0.00
FBC	95	23.77	26.10	26.25	23.88	0.02	0.00
FBC	96	23.65	26.23	26.44	23.68	0.01	0.00
FBC	97	23.62	26.18	26.44	23.77	0.02	0.00
FBC	98	23.75	26.08	26.30	23.87	0.00	0.00
FBC	99	23.61	26.22	26.47	23.69	0.01	0.00
FBC	100	23.56	26.20	26.51	23.73	0.00	0.00
# ACGT content per cycle for last fragments. Use `grep ^LBC | cut -f 2-` to extract this part. The columns are: cycle; A,C,G,T base counts as a percentage of all A/C/G/T bases [%]; and N and O counts as a percentage of all A/C/G/T bases [%]
LBC	1	23.54	26.34	26.52	23.61	0.13	0.00
LBC	2	24.14	25.74	25.94	24.18	0.08	0.00
LBC	3	23.78	26.12	26.29	23.81	0.07	0.00
LBC	4	23.46	26.32	26.60	23.62	0.09	0.00
LBC	5	23.94	25.89	26.08	24.09	0.09	0.00
LBC	6	23.58	26.23	26.48	23.71	0.01	0.00
LBC	7	23.92	25.91	26.18	23.99	0.00	0.00
LBC	8	24.21	25.67	25.87	24.25	0.02	0.00
LBC	9	24.00	25.78	26.02	24.19	0.01	0.00
LBC	10	24.18	25.67	25.86	24.29	0.01	0.00
LBC	11	24.23	25.57	25.85	24.35	0.00	0.00
LBC	12	24.16	25.70	25.94	24.21	0.02	0.00
LBC	13	24.24	25.60	25.79	24.37	0.02	0.00
LBC	14	24.37	25.45	25.72	24.46	0.03	0.00
LBC	15	24.16	25.63	25.89	24.31	0.02	0.00
LBC	16	24.15	25.65	25.84	24.35	0.02	0.00
LBC	17	24.25	25.60	25.83	24.32	0.02	0.00
LBC	18	24.01	25.88	25.98	24.13	0.03	0.00
LBC	19	24.01	25.83	26.00	24.15	0.02	0.00
LBC	20	24.08	25.77	25.94	24.21	0.02	0.00
LBC	21	23.85	25.96	26.17	24.02	0.05	0.00
LBC	22	23.90	25.93	26.12	24.05	0.02	0.00
LBC	23	24.00	25.79	26.01	24.20	0.02	0.00
LBC	24	23.84	25.99	26.18	23.99	0.02	0.00
LBC	25	23.92	25.94	26.16	23.97	0.01	0.00
LBC	26	23.98	25.88	26.07	24.07	0.01	0.00
LBC	27	23.82	25.98	26.25	23.95	0.01	0.00
LBC	28	23.82	25.98	26.21	23.99	0.01	0.00
LBC	29	23.93	25.88	26.12	24.07	0.00	0.00
LBC	30	23.74	26.01	26.32	23.93	0.00	0.00
LBC	31	23.80	26.04	26.25	23.91	0.01	0.00
LBC	32	23.94	25.89	26.10	24.06	0.01	0.00
LBC	33	23.76	26.13	26.24	23.86	0.03	0.00
LBC	34	23.76	26.04	26.27	23.94	0.04	0.00
LBC	35	23.91	25.93	26.16	24.00	0.01	0.00
LBC	36	23.73	26.10	26.33	23.84	0.04	0.00
LBC	37	23.79	26.08	26.27	23.86	0.04	0.00
LBC	38	23.87	25.95	26.19	23.99	0.04	0.00
LBC	39	23.71	26.18	26.29	23.83	0.05	0.00
LBC	40	23.72	26.07	26.32	23.89	0.02	0.00
LBC	41	23.84	25.99	26.24	23.94	0.02	0.00
LBC	42	23.72	26.15	26.36	23.76	0.02	0.00
LBC	43	23.69	26.15	26.30	23.85	0.01	0.00
LBC	44	23.78	25.99	26.26	23.97	0.01	0.00
LBC	45	23.66	26.18	26.39	23.77	0.01	0.00
LBC	46	23.73	26.12	26.37	23.78	0.02	0.00
LBC	47	23.77	26.03	26.28	23.93	0.01	0.00
LBC	48	23.67	26.22	26.41	23.71	0.02	0.00
LBC	49	23.68	26.19	26.37	23.76	0.00	0.00
LBC	50	23.81	26.09	26.19	23.91	0.01	0.00
LBC	51	23.62	26.25	26.44	23.69	0.00	0.00
LBC	52	23.69	26.22	26.35	23.75	0.00	0.00
LBC	53	23.76	26.09	26.25	23.90	0.01	0.00
LBC	54	23.59	26.24	26.42	23.75	0.01	0.00
LBC	55	23.65	26.21	26.33	23.81	0.02	0.00
LBC	56	23.73	26.07	26.27	23.94	0.03	0.00
LBC	57	23.58	26.25	26.46	23.71	0.01	0.00
LBC	58	23.60	26.25	26.41	23.73	0.01	0.00
LBC	59	23.79	26.05	26.27	23.89	0.01	0.00
LBC	60	23.65	26.21	26.39	23.74	0.00	0.00
LBC	61	23.71	26.14	26.35	23.79	0.00	0.00
LBC	62	23.77	26.04	26.28	23.91	0.00	0.00
LBC	63	23.62	26.24	26.40	23.74	0.01	0.00
LBC	64	23.69	26.18	26.36	23.77	0.01	0.00
LBC	65	23.82	26.06	26.26	23.86	0.01	0.00
LBC	66	23.61	26.22	26.49	23.69	0.01	0.00
LBC	67	23.65	26.27	26.34	23.75	0.00	0.00
LBC	68	23.82	26.01	26.27	23.89	0.01	0.00
LBC	69	23.65	26.23	26.38	23.75	0.00	0.00
LBC	70	23.70	26.15	26.36	23.79	0.01	0.00
LBC	71	23.78	26.04	26.28	23.90	0.01	0.00
LBC	72	23.66	26.22	26.34	23.78	0.02	0.00
LBC	73	23.68	26.19	26.30	23.83	0.02	0.00
LBC	74	23.83	26.06	26.25	23.86	0.01	0.00
LBC	75	23.63	26.23	26.40	23.75	0.05	0.00
LBC	76	23.64	26.20	26.34	23.82	0.08	0.00
LBC	77	23.80	26.05	26.28	23.87	0.07	0.00
LBC	78	23.60	26.22	26.41	23.77	0.00	0.00
LBC	79	23.64	26.18	26.39	23.79	0.02	0.00
LBC	80	23.74	26.08	26.35	23.83	0.04	0.00
LBC	81	23.62	26.23	26.43	23.72	0.06	0.00
LBC	82	23.66	26.23	26.38	23.73	0.06	0.00
LBC	83	23.75	26.14	26.27	23.85	0.04	0.00
LBC	84	23.61	26.25	26.45	23.68	0.03	0.00
LBC	85	23.64	26.23	26.41	23.72	0.02	0.00
LBC	86	23.75	26.13	26.30	23.82	0.02	0.00
LBC	87	23.54	26.30	26.47	23.69	0.00	0.00
LBC	88	23.63	26.21	26.43	23.74	0.02	0.00
LBC	89	23.72	26.11	26.31	23.86	0.01	0.00
LBC	90	23.55	26.29	26.49	23.68	0.04	0.00
LBC	91	23.60	26.26	26.41	23.73	0.01	0.00
LBC	92	23.67	26.19	26.32	23.82	0.01	0.00
LBC	93	23.55	26.30	26.50	23.64	0.02	0.00
LBC	94	23.59	26.27	26.47	23.67	0.03	0.00
LBC	95	23.73	26.19	26.28	23.79	0.01	0.00
LBC	96	23.50	26.37	26.48	23.65	0.03	0.00
LBC	97	23.55	26.31	26.45	23.69	0.00	0.00
LBC	98	23.65	26.19	26.40	23.77	0.02	0.00
LBC	99	23.50	26.30	26.57	23.63	0.01	0.00
LBC	100	23.51	26.33	26.56	23.60	0.00	0.00
# Insert sizes. Use `grep ^IS | cut -f 2-` to extract this part. The columns are: insert size, pairs total, inward oriented pairs, outward oriented pairs, other pairs
IS	0	0	0	0	0
IS	1	0	0	0	0
IS	2	0	0	0	0
IS	3	0	0	0	0
IS	4	0	0	0	0
IS	5	0	0	0	0
IS	6	0	0	0	0
IS	7	0	0	0	0
IS	8	0	0	0	0
IS	9	0	0	0	0
IS	10	0	0	0	0
IS	11	0	0	0	0
IS	12	0	0	0	0
IS	13	0	0	0	0
IS	14	0	0	0	0
IS	15	0	0	0	0
IS	16	0	0	0	0
IS	17	0	0	0	0
IS	18	0	0	0	0
IS	19	0	0	0	0
IS	20	1	0	0	1
IS	21	0	0	0	0
IS	22	0	0	0	0
IS	23	0	0	0	0
IS	24	0	0	0	0
IS	25	0	0	0	0
IS	26	1	0	0	1
IS	27	0	0	0	0
IS	28	0	0	0	0
IS	29	1	0	0	1
IS	30	0	0	0	0
IS	31	7	7	0	0
IS	32	0	0	0	0
IS	33	1	1	0	0
IS	34	7	1	5	1
IS	35	2	2	0	0
IS	36	0	0	0	0
IS	37	0	0	0	0
IS	38	0	0	0	0
IS	39	1	0	1	0
IS	40	2	1	0	1
IS	41	0	0	0	0
IS	42	0	0	0	0
IS	43	0	0	0	0
IS	44	1	0	0	1
IS	45	0	0	0	0
IS	46	1	1	0	0
IS	47	2	1	0	1
IS	48	2	1	1	0
IS	49	1	0	0	1
IS	50	1	1	0	0
IS	51	1	0	0	1
IS	52	3	1	1	1
IS	53	2	2	0	0
IS	54	5	1	2	2
IS	55	1	1	0	0
IS	56	2	2	0	0
IS	57	1	0	0	1
IS	58	0	0	0	0
IS	59	2	1	1	0
IS	60	0	0	0	0
IS	61	3	3	0	0
IS	62	3	3	0	0
IS	63	1	1	0	0
IS	64	3	0	3	0
IS	65	3	1	1	1
IS	66	1	0	1	0
IS	67	4	3	1	0
IS	68	5	4	0	1
IS	69	3	0	3	0
IS	70	3	2	1	0
IS	71	8	5	3	0
IS	72	3	2	1	0
IS	73	6	2	3	1
IS	74	4	4	0	0
IS	75	1	0	1	0
IS	76	7	3	4	0
IS	77	12	7	4	1
IS	78	9	7	2	0
IS	79	12	4	7	1
IS	80	18	14	4	0
IS	81	14	8	6	0
IS	82	22	13	9	0
IS	83	25	15	9	1
IS	84	24	7	17	0
IS	85	31	14	15	2
IS	86	33	20	12	1
IS	87	41	22	18	1
IS	88	41	23	18	0
IS	89	58	30	28	0
IS	90	76	42	34	0
IS	91	64	34	30	0
IS	92	123	66	57	0
IS	93	118	57	61	0
IS	94	125	55	70	0
IS	95	170	74	96	0
IS	96	190	99	91	0
IS	97	238	96	141	1
IS	98	309	114	195	0
IS	99	263	31	232	0
IS	100	435	214	221	0
IS	101	471	463	8	0
IS	102	606	605	0	1
IS	103	670	669	0	1
IS	104	725	725	0	0
IS	105	841	840	0	1
IS	106	957	957	0	0
IS	107	1119	1119	0	0
IS	108	1236	1236	0	0
IS	109	1432	1432	0	0
IS	110	1528	1528	0	0
IS	111	1754	1754	0	0
IS	112	1836	1836	0	0
IS	113	2026	2026	0	0
IS	114	2256	2256	0	0
IS	115	2453	2453	0	0
IS	116	2504	2504	0	0
IS	117	2854	2854	0	0
IS	118	3113	3113	0	0
IS	119	3322	3322	0	0
IS	120	3447	3446	0	1
IS	121	3754	3754	0	0
IS	122	3809	3808	0	1
IS	123	4074	4074	0	0
IS	124	4323	4323	0	0
IS	125	4563	4563	0	0
IS	126	4775	4775	0	0
IS	127	4897	4897	0	0
IS	128	5121	5121	0	0
IS	129	5148	5148	0	0
IS	130	5457	5457	0	0
IS	131	5672	5672	0	0
IS	132	6016	6016	0	0
IS	133	6166	6166	0	0
IS	134	6451	6451	0	0
IS	135	6448	6448	0	0
IS	136	6960	6959	0	1
IS	137	6993	6993	0	0
IS	138	7226	7226	0	0
IS	139	7231	7231	0	0
IS	140	7454	7454	0	0
IS	141	7891	7891	0	0
IS	142	7846	7845	0	1
IS	143	8097	8097	0	0
IS	144	8310	8310	0	0
IS	145	8425	8425	0	0
IS	146	8789	8789	0	0
IS	147	8800	8800	0	0
IS	148	8969	8969	0	0
IS	149	9106	9106	0	0
IS	150	9451	9451	0	0
IS	151	9519	9519	0	0
IS	152	9498	9498	0	0
IS	153	9908	9908	0	0
IS	154	9887	9886	0	1
IS	155	9999	9999	0	0
IS	156	10236	10236	0	0
IS	157	10216	10216	0	0
IS	158	10286	10286	0	0
IS	159	10467	10467	0	0
IS	160	10700	10699	0	1
IS	161	10931	10930	0	1
IS	162	10968	10968	0	0
IS	163	10984	10984	0	0
IS	164	11058	11058	0	0
IS	165	11225	11225	0	0
IS	166	11189	11189	0	0
IS	167	11304	11304	0	0
IS	168	11311	11311	0	0
IS	169	11680	11680	0	0
IS	170	11496	11496	0	0
IS	171	11728	11728	0	0
IS	172	11824	11824	0	0
IS	173	11932	11932	0	0
IS	174	11930	11930	0	0
IS	175	11985	11985	0	0
IS	176	12096	12096	0	0
IS	177	12253	12253	0	0
IS	178	12164	12162	1	1
IS	179	12299	12299	0	0
IS	180	12375	12375	0	0
IS	181	12285	12285	0	0
IS	182	12494	12494	0	0
IS	183	12240	12240	0	0
IS	184	12761	12761	0	0
IS	185	12455	12455	0	0
IS	186	12554	12553	1	0
IS	187	12588	12588	0	0
IS	188	12674	12674	0	0
IS	189	12634	12634	0	0
IS	190	12507	12507	0	0
IS	191	12630	12630	0	0
IS	192	12702	12702	0	0
IS	193	12813	12813	0	0
IS	194	12548	12548	0	0
IS	195	12640	12640	0	0
IS	196	12675	12675	0	0
IS	197	12797	12797	0	0
IS	198	12769	12769	0	0
IS	199	12956	12956	0	0
IS	200	12617	12617	0	0
IS	201	12726	12726	0	0
IS	202	12551	12551	0	0
IS	203	12753	12753	0	0
IS	204	12642	12642	0	0
IS	205	12449	12449	0	0
IS	206	12411	12411	0	0
IS	207	12566	12566	0	0
IS	208	12542	12542	0	0
IS	209	12623	12623	0	0
IS	210	12366	12366	0	0
IS	211	12640	12640	0	0
IS	212	12250	12250	0	0
IS	213	12324	12324	0	0
IS	214	12450	12450	0	0
IS	215	12253	12253	0	0
IS	216	12187	12187	0	0
IS	217	12391	12391	0	0
IS	218	12269	12269	0	0
IS	219	12153	12152	1	0
IS	220	12229	12229	0	0
IS	221	12285	12285	0	0
IS	222	12135	12135	0	0
IS	223	12078	12078	0	0
IS	224	11874	11874	0	0
IS	225	11888	11888	0	0
IS	226	12027	12027	0	0
IS	227	11923	11923	0	0
IS	228	11595	11595	0	0
IS	229	11852	11852	0	0
IS	230	11779	11778	0	1
IS	231	11630	11630	0	0
IS	232	11495	11494	1	0
IS	233	11434	11434	0	0
IS	234	11341	11341	0	0
IS	235	11459	11459	0	0
IS	236	11378	11378	0	0
IS	237	11191	11191	0	0
IS	238	11290	11290	0	0
IS	239	11139	11139	0	0
IS	240	11082	11082	0	0
IS	241	10832	10832	0	0
IS	242	10784	10784	0	0
IS	243	10907	10907	0	0
IS	244	10903	10903	0	0
IS	245	10626	10626	0	0
IS	246	10785	10785	0	0
IS	247	10545	10545	0	0
IS	248	10727	10727	0	0
IS	249	10381	10381	0	0
IS	250	10456	10456	0	0
IS	251	10271	10271	0	0
IS	252	10286	10286	0	0
IS	253	10176	10176	0	0
IS	254	10244	10244	0	0
IS	255	9963	9963	0	0
IS	256	10027	10027	0	0
IS	257	9992	9992	0	0
IS	258	9919	9919	0	0
IS	259	9707	9707	0	0
IS	260	9886	9886	0	0
IS	261	9615	9614	1	0
IS	262	9517	9517	0	0
IS	263	9451	9451	0	0
IS	264	9390	9389	1	0
IS	265	9367	9367	0	0
IS	266	9303	9303	0	0
IS	267	9216	9215	1	0
IS	268	9094	9094	0	0
IS	269	9130	9130	0	0
IS	270	8928	8928	0	0
IS	271	8936	8936	0	0
IS	272	8824	8824	0	0
IS	273	8817	8817	0	0
IS	274	8790	8790	0	0
IS	275	8619	8619	0	0
IS	276	8593	8593	0	0
IS	277	8536	8536	0	0
IS	278	8433	8432	1	0
IS	279	8381	8381	0	0
IS	280	8330	8330	0	0
IS	281	8366	8366	0	0
IS	282	8225	8225	0	0
IS	283	8100	8100	0	0
IS	284	7991	7991	0	0
IS	285	8036	8036	0	0
IS	286	7967	7967	0	0
IS	287	7906	7906	0	0
IS	288	7923	7923	0	0
IS	289	7715	7715	0	0
IS	290	7765	7765	0	0
IS	291	7654	7654	0	0
IS	292	7685	7685	0	0
IS	293	7401	7401	0	0
IS	294	7430	7429	1	0
IS	295	7379	7379	0	0
IS	296	7228	7228	0	0
IS	297	7258	7258	0	0
IS	298	7268	7267	0	1
IS	299	7167	7167	0	0
IS	300	7066	7066	0	0
IS	301	6876	6875	1	0
IS	302	6953	6952	1	0
IS	303	6944	6944	0	0
IS	304	6780	6780	0	0
IS	305	6882	6882	0	0
IS	306	6801	6800	1	0
IS	307	6384	6384	0	0
IS	308	6584	6584	0	0
IS	309	6562	6562	0	0
IS	310	6465	6465	0	0
IS	311	6237	6237	0	0
IS	312	6280	6280	0	0
IS	313	6122	6122	0	0
IS	314	6102	6102	0	0
IS	315	6161	6161	0	0
IS	316	6100	6099	1	0
IS	317	6056	6054	2	0
IS	318	5927	5927	0	0
IS	319	5894	5894	0	0
IS	320	5860	5860	0	0
IS	321	5874	5874	0	0
IS	322	5832	5832	0	0
IS	323	5834	5834	0	0
IS	324	5579	5578	1	0
IS	325	5502	5501	1	0
IS	326	5633	5633	0	0
IS	327	5473	5473	0	0
IS	328	5473	5473	0	0
IS	329	5414	5414	0	0
IS	330	5286	5285	0	1
IS	331	5231	5231	0	0
IS	332	5257	5257	0	0
IS	333	5297	5297	0	0
IS	334	5197	5197	0	0
IS	335	5129	5128	1	0
IS	336	5052	5052	0	0
IS	337	5026	5026	0	0
IS	338	4934	4934	0	0
IS	339	4859	4859	0	0
IS	340	4935	4935	0	0
IS	341	4627	4627	0	0
IS	342	4760	4760	0	0
IS	343	4682	4682	0	0
IS	344	4617	4616	1	0
IS	345	4738	4738	0	0
IS	346	4517	4517	0	0
IS	347	4632	4632	0	0
IS	348	4334	4334	0	0
IS	349	4431	4431	0	0
IS	350	4408	4408	0	0
IS	351	4273	4273	0	0
IS	352	4323	4323	0	0
IS	353	4199	4199	0	0
IS	354	4289	4288	1	0
IS	355	4121	4121	0	0
IS	356	4055	4055	0	0
IS	357	4041	4041	0	0
IS	358	3906	3906	0	0
IS	359	4004	4003	1	0
IS	360	3934	3934	0	0
IS	361	3919	3919	0	0
IS	362	3867	3866	1	0
IS	363	3929	3926	3	0
IS	364	3810	3810	0	0
IS	365	3770	3770	0	0
IS	366	3730	3730	0	0
IS	367	3621	3621	0	0
IS	368	3703	3703	0	0
IS	369	3475	3475	0	0
IS	370	3532	3532	0	0
IS	371	3491	3491	0	0
IS	372	3431	3430	1	0
IS	373	3437	3437	0	0
IS	374	3327	3327	0	0
IS	375	3329	3329	0	0
IS	376	3309	3309	0	0
IS	377	3227	3223	4	0
IS	378	3363	3363	0	0
IS	379	3276	3276	0	0
IS	380	3224	3224	0	0
IS	381	3174	3174	0	0
IS	382	3049	3049	0	0
IS	383	3101	3101	0	0
IS	384	3013	3013	0	0
IS	385	3037	3037	0	0
IS	386	3036	3036	0	0
IS	387	2911	2911	0	0
IS	388	2930	2930	0	0
IS	389	2916	2916	0	0
IS	390	2887	2887	0	0
IS	391	2773	2773	0	0
IS	392	2806	2806	0	0
IS	393	2698	2698	0	0
IS	394	2711	2711	0	0
IS	395	2647	2647	0	0
IS	396	2730	2730	0	0
IS	397	2682	2682	0	0
IS	398	2632	2632	0	0
IS	399	2446	2446	0	0
IS	400	2514	2514	0	0
IS	401	2532	2532	0	0
IS	402	2534	2533	1	0
IS	403	2478	2478	0	0
IS	404	2471	2471	0	0
IS	405	2382	2382	0	0
IS	406	2443	2443	0	0
IS	407	2400	2400	0	0
IS	408	2379	2379	0	0
IS	409	2264	2264	0	0
IS	410	2256	2256	0	0
IS	411	2245	2245	0	0
IS	412	2323	2323	0	0
IS	413	2210	2210	0	0
IS	414	2235	2235	0	0
IS	415	2227	2227	0	0
IS	416	2180	2180	0	0
IS	417	2224	2224	0	0
IS	418	2188	2188	0	0
IS	419	2116	2116	0	0
IS	420	2143	2143	0	0
IS	421	2090	2090	0	0
IS	422	1965	1965	0	0
IS	423	1937	1937	0	0
IS	424	1924	1924	0	0
IS	425	1906	1906	0	0
IS	426	1879	1879	0	0
IS	427	1909	1909	0	0
IS	428	1925	1925	0	0
IS	429	1888	1888	0	0
IS	430	1816	1815	1	0
IS	431	1835	1835	0	0
IS	432	1776	1776	0	0
IS	433	1816	1816	0	0
IS	434	1691	1691	0	0
IS	435	1754	1754	0	0
IS	436	1727	1727	0	0
IS	437	1748	1748	0	0
IS	438	1729	1729	0	0
IS	439	1650	1650	0	0
IS	440	1638	1638	0	0
IS	441	1508	1508	0	0
IS	442	1562	1562	0	0
IS	443	1543	1543	0	0
IS	444	1513	1513	0	0
IS	445	1463	1463	0	0
IS	446	1606	1606	0	0
IS	447	1500	1500	0	0
IS	448	1552	1552	0	0
IS	449	1457	1457	0	0
IS	450	1445	1445	0	0
IS	451	1405	1405	0	0
IS	452	1442	1442	0	0
IS	453	1430	1430	0	0
IS	454	1383	1383	0	0
IS	455	1329	1329	0	0
IS	456	1386	1386	0	0
IS	457	1295	1295	0	0
IS	458	1365	1365	0	0
IS	459	1213	1213	0	0
IS	460	1331	1331	0	0
IS	461	1240	1240	0	0
IS	462	1286	1285	0	1
IS	463	1187	1187	0	0
IS	464	1183	1182	1	0
IS	465	1233	1233	0	0
IS	466	1246	1246	0	0
IS	467	1168	1168	0	0
IS	468	1145	1144	1	0
IS	469	1159	1159	0	0
IS	470	1104	1104	0	0
IS	471	1206	1206	0	0
IS	472	1113	1113	0	0
IS	473	1032	1032	0	0
IS	474	1072	1072	0	0
IS	475	1087	1087	0	0
IS	476	1034	1034	0	0
IS	477	1046	1046	0	0
IS	478	1052	1052	0	0
IS	479	971	970	1	0
IS	480	1031	1031	0	0
IS	481	1026	1026	0	0
IS	482	989	989	0	0
IS	483	957	957	0	0
IS	484	962	962	0	0
IS	485	913	913	0	0
IS	486	930	930	0	0
IS	487	932	932	0	0
IS	488	928	928	0	0
IS	489	931	931	0	0
IS	490	859	858	1	0
IS	491	859	859	0	0
IS	492	917	916	0	1
IS	493	798	798	0	0
IS	494	847	847	0	0
IS	495	819	819	0	0
IS	496	777	776	1	0
IS	497	833	833	0	0
IS	498	793	793	0	0
IS	499	770	770	0	0
IS	500	785	784	1	0
IS	501	758	758	0	0
IS	502	780	780	0	0
IS	503	805	805	0	0
IS	504	744	743	1	0
IS	505	769	768	1	0
IS	506	788	788	0	0
IS	507	762	762	0	0
IS	508	700	700	0	0
IS	509	749	749	0	0
IS	510	699	699	0	0
IS	511	671	671	0	0
IS	512	647	647	0	0
IS	513	681	681	0	0
IS	514	664	663	1	0
IS	515	636	636	0	0
IS	516	637	637	0	0
IS	517	643	643	0	0
IS	518	666	666	0	0
IS	519	605	604	1	0
IS	520	581	581	0	0
IS	521	616	616	0	0
IS	522	620	618	2	0
IS	523	575	575	0	0
IS	524	539	539	0	0
IS	525	576	576	0	0
IS	526	538	537	1	0
IS	527	546	546	0	0
IS	528	534	533	1	0
IS	529	559	559	0	0
IS	530	522	522	0	0
IS	531	527	527	0	0
IS	532	503	502	1	0
IS	533	498	498	0	0
IS	534	473	471	2	0
IS	535	475	475	0	0
IS	536	497	497	0	0
IS	537	464	463	1	0
IS	538	498	498	0	0
IS	539	414	414	0	0
IS	540	501	500	1	0
IS	541	460	460	0	0
IS	542	490	489	1	0
IS	543	452	452	0	0
IS	544	448	448	0	0
IS	545	444	444	0	0
IS	546	414	414	0	0
IS	547	459	459	0	0
IS	548	410	410	0	0
IS	549	423	423	0	0
IS	550	359	359	0	0
IS	551	451	451	0	0
IS	552	392	392	0	0
IS	553	391	391	0	0
IS	554	417	417	0	0
IS	555	388	388	0	0
IS	556	349	349	0	0
# Read lengths. Use `grep ^RL | cut -f 2-` to extract this part. The columns are: read length, count
RL	100	5097306
# Read lengths - first fragments. Use `grep ^FRL | cut -f 2-` to extract this part. The columns are: read length, count
FRL	100	2546130
# Read lengths - last fragments. Use `grep ^LRL | cut -f 2-` to extract this part. The columns are: read length, count
LRL	100	2551176
# Indel distribution. Use `grep ^ID | cut -f 2-` to extract this part. The columns are: length, number of insertions, number of deletions
ID	1	109341	217737
ID	2	11407	12741
ID	3	3025	2024
ID	4	695	939
ID	5	561	244
ID	6	270	137
ID	7	307	107
ID	8	71	139
ID	9	4	31
ID	10	87	8
ID	11	5	20
ID	12	3	98
ID	13	4	1
ID	14	25	5
ID	15	30	13
ID	16	18	27
ID	17	6	11
ID	18	11	5
ID	19	17	11
ID	20	6	51
ID	21	12	14
ID	22	48	39
ID	23	13	11
ID	24	34	26
ID	25	31	30
ID	26	11	10
ID	27	8	8
ID	28	14	15
ID	29	21	21
ID	30	7	8
ID	31	0	29
ID	33	0	3
ID	35	5	0
ID	37	0	1
ID	43	0	2
ID	61	0	3
ID	63	0	1
ID	71	0	3
# Indels per cycle. Use `grep ^IC | cut -f 2-` to extract this part. The columns are: cycle, number of insertions (fwd), .. (rev) , number of deletions (fwd), .. (rev)
IC	2	0	0	0	1
IC	3	0	1	876	840
IC	4	689	744	1253	1306
IC	5	704	720	1375	1327
IC	6	722	760	1344	1243
IC	7	646	714	1204	1191
IC	8	663	617	1237	1246
IC	9	680	660	1339	1333
IC	10	660	675	1305	1250
IC	11	675	678	1314	1288
IC	12	638	742	1294	1260
IC	13	684	701	1302	1263
IC	14	717	674	1317	1305
IC	15	703	664	1271	1298
IC	16	682	654	1275	1225
IC	17	667	701	1286	1303
IC	18	687	682	1298	1239
IC	19	727	708	1268	1309
IC	20	669	688	1320	1278
IC	21	756	734	1260	1275
IC	22	696	724	1352	1269
IC	23	722	714	1293	1283
IC	24	710	685	1278	1261
IC	25	723	714	1343	1337
IC	26	654	641	1312	1254
IC	27	698	669	1288	1220
IC	28	690	726	1296	1271
IC	29	703	757	1331	1227
IC	30	678	679	1360	1257
IC	31	682	684	1218	1282
IC	32	673	671	1315	1255
IC	33	700	688	1244	1328
IC	34	687	740	1263	1345
IC	35	759	699	1257	1220
IC	36	691	706	1306	1237
IC	37	660	746	1285	1279
IC	38	650	692	1350	1260
IC	39	713	693	1282	1215
IC	40	669	705	1315	1302
IC	41	714	739	1326	1229
IC	42	633	692	1274	1223
IC	43	708	648	1255	1299
IC	44	673	708	1189	1258
IC	45	707	648	1269	1326
IC	46	642	704	1239	1301
IC	47	654	664	1287	1279
IC	48	705	644	1299	1225
IC	49	659	641	1224	1254
IC	50	679	688	1286	1289
IC	51	691	662	1211	1305
IC	52	679	706	1232	1241
IC	53	626	652	1335	1202
IC	54	663	693	1278	1340
IC	55	656	693	1238	1193
IC	56	695	631	1240	1298
IC	57	645	680	1270	1208
IC	58	679	674	1288	1278
IC	59	667	670	1211	1204
IC	60	620	672	1158	1247
IC	61	684	679	1270	1278
IC	62	596	628	1192	1254
IC	63	668	654	1282	1247
IC	64	619	597	1245	1219
IC	65	671	633	1229	1250
IC	66	669	659	1256	1242
IC	67	641	684	1215	1149
IC	68	664	686	1227	1240
IC	69	655	630	1261	1151
IC	70	626	645	1257	1196
IC	71	734	668	1282	1220
IC	72	689	683	1236	1247
IC	73	703	636	1228	1170
IC	74	658	648	1280	1225
IC	75	680	655	1212	1197
IC	76	656	638	1206	1200
IC	77	653	684	1209	1161
IC	78	653	617	1235	1239
IC	79	693	670	1233	1234
IC	80	680	644	1165	1152
IC	81	618	625	1240	1228
IC	82	658	624	1153	1216
IC	83	656	612	1177	1226
IC	84	646	672	1199	1203
IC	85	661	659	1203	1154
IC	86	637	674	1134	1157
IC	87	639	662	1184	1129
IC	88	649	627	1172	1154
IC	89	645	599	1154	1209
IC	90	605	599	1146	1161
IC	91	614	598	1129	1126
IC	92	604	547	1084	1065
IC	93	578	599	1033	1077
IC	94	634	592	1123	1147
IC	95	638	632	1130	1222
IC	96	661	614	1134	1105
IC	97	670	738	812	780
# Coverage distribution. Use `grep ^COV | cut -f 2-` to extract this part.
COV	[1-1]	1	395197
COV	[2-2]	2	279653
COV	[3-3]	3	236422
COV	[4-4]	4	217780
COV	[5-5]	5	198358
COV	[6-6]	6	182946
COV	[7-7]	7	173211
COV	[8-8]	8	162229
COV	[9-9]	9	157364
COV	[10-10]	10	152847
COV	[11-11]	11	145774
COV	[12-12]	12	143403
COV	[13-13]	13	138916
COV	[14-14]	14	135979
COV	[15-15]	15	134192
COV	[16-16]	16	130862
COV	[17-17]	17	131286
COV	[18-18]	18	130026
COV	[19-19]	19	128240
COV	[20-20]	20	128919
COV	[21-21]	21	128034
COV	[22-22]	22	127533
COV	[23-23]	23	128134
COV	[24-24]	24	127995
COV	[25-25]	25	126219
COV	[26-26]	26	125995
COV	[27-27]	27	125474
COV	[28-28]	28	125334
COV	[29-29]	29	124925
COV	[30-30]	30	122606
COV	[31-31]	31	122125
COV	[32-32]	32	121096
COV	[33-33]	33	119349
COV	[34-34]	34	117241
COV	[35-35]	35	116498
COV	[36-36]	36	115760
COV	[37-37]	37	115381
COV	[38-38]	38	113531
COV	[39-39]	39	111978
COV	[40-40]	40	111677
COV	[41-41]	41	110158
COV	[42-42]	42	106975
COV	[43-43]	43	104513
COV	[44-44]	44	102851
COV	[45-45]	45	100681
COV	[46-46]	46	99457
COV	[47-47]	47	97408
COV	[48-48]	48	96024
COV	[49-49]	49	94142
COV	[50-50]	50	91327
COV	[51-51]	51	89046
COV	[52-52]	52	88013
COV	[53-53]	53	86599
COV	[54-54]	54	84574
COV	[55-55]	55	81938
COV	[56-56]	56	80429
COV	[57-57]	57	79998
COV	[58-58]	58	77823
COV	[59-59]	59	76509
COV	[60-60]	60	75049
COV	[61-61]	61	73498
COV	[62-62]	62	72580
COV	[63-63]	63	70783
COV	[64-64]	64	69634
COV	[65-65]	65	67452
COV	[66-66]	66	66052
COV	[67-67]	67	64577
COV	[68-68]	68	64114
COV	[69-69]	69	63404
COV	[70-70]	70	63013
COV	[71-71]	71	62657
COV	[72-72]	72	61838
COV	[73-73]	73	60898
COV	[74-74]	74	60750
COV	[75-75]	75	60120
COV	[76-76]	76	59533
COV	[77-77]	77	58307
COV	[78-78]	78	57787
COV	[79-79]	79	57557
COV	[80-80]	80	56567
COV	[81-81]	81	56194
COV	[82-82]	82	55091
COV	[83-83]	83	54554
COV	[84-84]	84	54041
COV	[85-85]	85	53485
COV	[86-86]	86	52972
COV	[87-87]	87	52032
COV	[88-88]	88	51820
COV	[89-89]	89	51320
COV	[90-90]	90	50559
COV	[91-91]	91	49569
COV	[92-92]	92	48593
COV	[93-93]	93	48028
COV	[94-94]	94	47406
COV	[95-95]	95	46567
COV	[96-96]	96	46357
COV	[97-97]	97	45099
COV	[98-98]	98	44928
COV	[99-99]	99	44588
COV	[100-100]	100	44321
COV	[101-101]	101	44193
COV	[102-102]	102	43996
COV	[103-103]	103	43363
COV	[104-104]	104	43429
COV	[105-105]	105	42327
COV	[106-106]	106	41783
COV	[107-107]	107	41188
COV	[108-108]	108	40429
COV	[109-109]	109	39827
COV	[110-110]	110	39756
COV	[111-111]	111	39112
COV	[112-112]	112	37915
COV	[113-113]	113	36957
COV	[114-114]	114	36443
COV	[115-115]	115	35315
COV	[116-116]	116	33901
COV	[117-117]	117	32467
COV	[118-118]	118	31112
COV	[119-119]	119	30053
COV	[120-120]	120	28874
COV	[121-121]	121	27542
COV	[122-122]	122	26273
COV	[123-123]	123	24701
COV	[124-124]	124	23241
COV	[125-125]	125	21689
COV	[126-126]	126	20106
COV	[127-127]	127	18719
COV	[128-128]	128	17329
COV	[129-129]	129	15740
COV	[130-130]	130	14853
COV	[131-131]	131	13369
COV	[132-132]	132	11888
COV	[133-133]	133	11042
COV	[134-134]	134	10117
COV	[135-135]	135	9048
COV	[136-136]	136	8102
COV	[137-137]	137	7376
COV	[138-138]	138	6427
COV	[139-139]	139	5813
COV	[140-140]	140	5047
COV	[141-141]	141	4478
COV	[142-142]	142	3872
COV	[143-143]	143	3361
COV	[144-144]	144	2819
COV	[145-145]	145	2496
COV	[146-146]	146	2150
COV	[147-147]	147	1846
COV	[148-148]	148	1526
COV	[149-149]	149	1277
COV	[150-150]	150	1133
COV	[151-151]	151	935
COV	[152-152]	152	848
COV	[153-153]	153	682
COV	[154-154]	154	582
COV	[155-155]	155	522
COV	[156-156]	156	467
COV	[157-157]	157	360
COV	[158-158]	158	342
COV	[159-159]	159	319
COV	[160-160]	160	268
COV	[161-161]	161	228
COV	[162-162]	162	194
COV	[163-163]	163	195
COV	[164-164]	164	172
COV	[165-165]	165	147
COV	[166-166]	166	160
COV	[167-167]	167	149
COV	[168-168]	168	120
COV	[169-169]	169	137
COV	[170-170]	170	122
COV	[171-171]	171	83
COV	[172-172]	172	83
COV	[173-173]	173	102
COV	[174-174]	174	90
COV	[175-175]	175	86
COV	[176-176]	176	78
COV	[177-177]	177	89
COV	[178-178]	178	66
COV	[179-179]	179	78
COV	[180-180]	180	62
COV	[181-181]	181	72
COV	[182-182]	182	85
COV	[183-183]	183	92
COV	[184-184]	184	89
COV	[185-185]	185	109
COV	[186-186]	186	65
COV	[187-187]	187	70
COV	[188-188]	188	52
COV	[189-189]	189	48
COV	[190-190]	190	50
COV	[191-191]	191	57
COV	[192-192]	192	38
COV	[193-193]	193	39
COV	[194-194]	194	38
COV	[195-195]	195	41
COV	[196-196]	196	53
COV	[197-197]	197	50
COV	[198-198]	198	49
COV	[199-199]	199	40
COV	[200-200]	200	42
COV	[201-201]	201	27
COV	[202-202]	202	28
COV	[203-203]	203	29
COV	[204-204]	204	23
COV	[205-205]	205	32
COV	[206-206]	206	39
COV	[207-207]	207	20
COV	[208-208]	208	22
COV	[209-209]	209	20
COV	[210-210]	210	21
COV	[211-211]	211	31
COV	[212-212]	212	26
COV	[213-213]	213	25
COV	[214-214]	214	30
COV	[215-215]	215	21
COV	[216-216]	216	28
COV	[217-217]	217	27
COV	[218-218]	218	28
COV	[219-219]	219	20
COV	[220-220]	220	14
COV	[221-221]	221	16
COV	[222-222]	222	18
COV	[223-223]	223	28
COV	[224-224]	224	22
COV	[225-225]	225	21
COV	[226-226]	226	13
COV	[227-227]	227	13
COV	[228-228]	228	19
COV	[229-229]	229	15
COV	[230-230]	230	27
COV	[231-231]	231	14
COV	[232-232]	232	13
COV	[233-233]	233	18
COV	[234-234]	234	10
COV	[235-235]	235	12
COV	[236-236]	236	11
COV	[237-237]	237	10
COV	[238-238]	238	10
COV	[239-239]	239	6
COV	[240-240]	240	8
COV	[241-241]	241	11
COV	[242-242]	242	10
COV	[243-243]	243	5
COV	[244-244]	244	6
COV	[245-245]	245	11
COV	[246-246]	246	9
COV	[247-247]	247	5
COV	[248-248]	248	6
COV	[249-249]	249	6
COV	[250-250]	250	7
COV	[251-251]	251	8
COV	[252-252]	252	8
COV	[253-253]	253	8
COV	[254-254]	254	7
COV	[255-255]	255	7
COV	[256-256]	256	8
COV	[257-257]	257	8
COV	[258-258]	258	7
COV	[259-259]	259	6
COV	[260-260]	260	4
COV	[261-261]	261	6
COV	[262-262]	262	9
COV	[263-263]	263	4
COV	[264-264]	264	5
COV	[265-265]	265	5
COV	[266-266]	266	10
COV	[267-267]	267	3
COV	[268-268]	268	10
COV	[269-269]	269	8
COV	[270-270]	270	9
COV	[271-271]	271	13
COV	[272-272]	272	8
COV	[273-273]	273	10
COV	[274-274]	274	4
COV	[275-275]	275	5
COV	[276-276]	276	6
COV	[277-277]	277	7
COV	[278-278]	278	8
COV	[279-279]	279	9
COV	[280-280]	280	4
COV	[281-281]	281	5
COV	[282-282]	282	8
COV	[283-283]	283	7
COV	[284-284]	284	9
COV	[285-285]	285	5
COV	[286-286]	286	2
COV	[287-287]	287	4
COV	[288-288]	288	1
COV	[289-289]	289	4
COV	[290-290]	290	4
COV	[291-291]	291	1
COV	[293-293]	293	1
COV	[294-294]	294	2
COV	[296-296]	296	1
COV	[297-297]	297	2
COV	[298-298]	298	1
COV	[301-301]	301	2
COV	[304-304]	304	2
COV	[305-305]	305	4
COV	[306-306]	306	2
COV	[307-307]	307	1
COV	[308-308]	308	1
# GC-depth. Use `grep ^GCD | cut -f 2-` to extract this part. The columns are: GC%, unique sequence percentiles, 10th, 25th, 50th, 75th and 90th depth percentile
GCD	0.0	0.644	0.000	0.005	0.005	0.005	0.010
GCD	9.0	0.761	0.010	0.010	0.010	0.015	0.015
GCD	12.0	0.937	0.005	0.005	0.005	0.005	0.005
GCD	13.0	0.995	0.005	0.005	0.005	0.005	0.005
GCD	14.0	1.112	0.010	0.010	0.010	0.010	0.010
GCD	15.0	1.171	0.005	0.005	0.005	0.005	0.005
GCD	16.0	1.405	0.005	0.005	0.005	0.005	0.010
GCD	18.0	1.581	0.005	0.005	0.005	0.010	0.010
GCD	19.0	1.756	0.005	0.005	0.005	0.010	0.010
GCD	20.0	2.166	0.005	0.005	0.005	0.015	0.035
GCD	21.0	2.459	0.005	0.005	0.005	0.015	0.145
GCD	22.0	2.635	0.005	0.005	0.005	0.020	0.020
GCD	23.0	3.044	0.005	0.010	0.020	0.030	0.070
GCD	24.0	3.454	0.005	0.005	0.015	0.045	0.110
GCD	25.0	3.571	0.005	0.005	0.005	0.015	0.015
GCD	26.0	3.923	0.005	0.005	0.005	0.030	0.040
GCD	27.0	4.274	0.010	0.010	0.020	0.025	0.035
GCD	28.0	4.625	0.015	0.015	0.015	0.040	0.230
GCD	29.0	4.742	0.010	0.010	0.010	0.065	0.065
GCD	30.0	4.859	0.005	0.005	0.005	0.055	0.055
GCD	31.0	5.504	0.005	0.005	0.010	0.015	0.015
GCD	32.0	6.030	0.005	0.005	0.010	0.015	0.035
GCD	33.0	6.440	0.005	0.005	0.005	0.020	0.040
GCD	34.0	6.792	0.005	0.005	0.005	0.020	0.050
GCD	35.0	7.201	0.005	0.005	0.010	0.040	14.330
GCD	36.0	7.553	0.005	0.005	0.005	0.120	15.820
GCD	37.0	8.138	0.005	0.005	0.005	0.045	4.045
GCD	38.0	8.548	0.005	0.010	0.050	0.345	0.945
GCD	39.0	8.958	0.005	0.025	0.065	1.165	3.805
GCD	40.0	9.602	0.010	0.040	0.100	5.410	19.560
GCD	41.0	10.539	0.005	0.015	0.050	0.930	9.830
GCD	42.0	11.241	0.005	0.015	0.050	0.330	5.915
GCD	43.0	12.061	0.005	0.010	0.430	5.615	16.740
GCD	44.0	13.466	0.010	0.015	0.135	1.425	8.315
GCD	45.0	15.105	0.005	0.010	4.595	15.245	49.135
GCD	46.0	17.447	0.015	0.125	2.820	9.555	18.480
GCD	47.0	19.672	0.090	0.745	8.150	19.725	51.780
GCD	48.0	22.717	0.035	0.310	4.670	21.595	58.200
GCD	49.0	26.054	0.070	1.535	6.885	25.400	41.255
GCD	50.0	31.733	0.080	1.255	9.050	25.690	57.520
GCD	51.0	39.169	0.225	2.000	10.770	32.660	57.885
GCD	52.0	47.365	0.295	2.245	12.655	39.125	61.990
GCD	53.0	58.080	0.275	3.785	14.285	50.605	74.740
GCD	54.0	69.438	0.320	2.160	12.145	33.890	78.705
GCD	55.0	76.112	0.065	0.735	6.830	20.605	60.535
GCD	56.0	82.260	0.030	0.400	4.085	11.540	29.840
GCD	57.0	86.358	0.030	0.330	2.075	6.780	18.115
GCD	58.0	88.934	0.005	0.165	0.740	3.575	16.800
GCD	59.0	90.749	0.010	0.175	0.945	5.050	14.795
GCD	60.0	92.037	0.005	0.005	0.125	0.950	8.365
GCD	61.0	92.974	0.005	0.035	0.110	0.330	0.585
GCD	62.0	93.560	0.005	0.005	0.010	0.320	0.445
GCD	63.0	93.911	0.005	0.005	0.010	0.455	1.135
GCD	64.0	94.087	0.010	0.010	0.065	0.120	0.120
GCD	65.0	94.321	0.005	0.005	0.020	0.025	0.050
GCD	66.0	94.731	0.005	0.005	0.025	0.690	2.820
GCD	67.0	95.082	0.005	0.005	0.030	3.145	16.950
GCD	68.0	95.141	0.025	0.025	0.025	0.025	0.025
GCD	69.0	95.550	0.005	0.010	0.015	0.020	0.020
GCD	70.0	95.960	0.005	0.005	0.015	0.170	0.930
GCD	71.0	96.077	0.010	0.010	0.010	0.015	0.015
GCD	72.0	96.370	0.005	0.005	0.025	0.025	0.060
GCD	73.0	96.546	0.005	0.005	0.005	0.020	0.020
GCD	74.0	96.956	0.005	0.005	0.010	0.020	0.040
GCD	75.0	97.190	0.005	0.005	0.005	0.005	0.085
GCD	76.0	97.600	0.005	0.010	0.015	0.020	0.055
GCD	77.0	97.834	0.005	0.005	0.005	0.010	0.020
GCD	78.0	98.068	0.005	0.005	0.015	0.020	0.030
GCD	79.0	98.361	0.005	0.005	0.010	0.015	0.030
GCD	80.0	98.653	0.005	0.005	0.010	0.010	0.050
GCD	81.0	98.829	0.005	0.005	0.005	0.010	0.010
GCD	82.0	99.063	0.005	0.005	0.005	0.010	0.045
GCD	83.0	99.239	0.005	0.005	0.010	0.015	0.015
GCD	84.0	99.297	0.005	0.005	0.005	0.005	0.005
GCD	85.0	99.415	0.005	0.005	0.005	0.005	0.005
GCD	86.0	99.532	0.005	0.005	0.005	0.005	0.005
GCD	87.0	99.590	0.005	0.005	0.005	0.005	0.005
GCD	88.0	99.707	0.005	0.005	0.005	0.005	0.005
GCD	89.0	99.766	0.010	0.010	0.010	0.010	0.010
GCD	90.0	99.824	0.005	0.005	0.005	0.005	0.005
GCD	92.0	99.883	0.005	0.005	0.005	0.005	0.005
GCD	93.0	99.941	0.005	0.005	0.005	0.005	0.005
GCD	95.0	100.000	0.005	0.005	0.005	0.005	0.005
