# This file was produced by samtools stats (1.9+htslib-1.9) and can be plotted using plot-bamstats
# This file contains statistics for all reads.
# The command line was:  stats -c 1,1000,1 ERR495245_merged.bam
# CHK, Checksum	[2]Read Names	[3]Sequences	[4]Qualities
# CHK, CRC32 of reads which passed filtering followed by addition (32bit overflow)
CHK	e859d313	9e9acefb	35ee5c82
# Summary Numbers. Use `grep ^SN | cut -f 2-` to extract this part.
SN	raw total sequences:	5336152
SN	filtered sequences:	0
SN	sequences:	5336152
SN	is sorted:	1
SN	1st fragments:	2666260
SN	last fragments:	2669892
SN	reads mapped:	5278950
SN	reads mapped and paired:	5263446	# paired-end technology bit set + both mates mapped
SN	reads unmapped:	57202
SN	reads properly paired:	5247952	# proper-pair bit set
SN	reads paired:	5336152	# paired-end technology bit set
SN	reads duplicated:	0	# PCR or optical duplicate bit set
SN	reads MQ0:	1650278	# mapped and MQ=0
SN	reads QC failed:	0
SN	non-primary alignments:	0
SN	total length:	533615200	# ignores clipping
SN	total first fragment length:	266626000	# ignores clipping
SN	total last fragment length:	266989200	# ignores clipping
SN	bases mapped:	527895000	# ignores clipping
SN	bases mapped (cigar):	526457416	# more accurate
SN	bases trimmed:	0
SN	bases duplicated:	0
SN	mismatches:	1727068	# from NM fields
SN	error rate:	3.280547e-03	# mismatches / bases mapped (cigar)
SN	average length:	100
SN	average first fragment length:	100
SN	average last fragment length:	100
SN	maximum length:	100
SN	maximum first fragment length:	100
SN	maximum last fragment length:	100
SN	average quality:	35.2
SN	insert size average:	268.7
SN	insert size standard deviation:	96.4
SN	inward oriented pairs:	2624216
SN	outward oriented pairs:	1243
SN	pairs with other orientation:	108
SN	pairs on different chromosomes:	6210
SN	percentage of properly paired reads (%):	98.3
# First Fragment Qualities. Use `grep ^FFQ | cut -f 2-` to extract this part.
# Columns correspond to qualities and rows to cycles. First column is the cycle number.
FFQ	1	560	0	0	0	0	0	0	0	0	0	7793	0	0	0	0	0	12368	0	0	197	0	0	1249	7855	0	12415	21153	29682	22622	0	129767	769515	0	227477	1423607	0	0	0	0	0	0	0	0
FFQ	2	38	0	0	0	0	0	0	0	0	0	3756	0	0	0	0	0	13520	0	0	1144	0	0	2294	7015	0	9838	20158	33928	20222	0	113764	691974	0	128782	1619827	0	0	0	0	0	0	0	0
FFQ	3	24	0	0	0	0	0	0	0	0	0	3821	0	0	0	0	0	9624	0	0	379	0	0	2836	6431	0	9931	19622	36299	21661	0	111219	673211	0	115974	1655228	0	0	0	0	0	0	0	0
FFQ	4	406	0	0	0	0	0	0	0	0	0	3290	0	0	0	0	0	3173	0	0	5087	0	0	2463	0	0	5956	9528	727	13871	348	24857	680	36793	61153	0	517869	0	1980059	0	0	0	0	0
FFQ	5	101	0	0	0	0	0	0	0	0	0	4352	0	0	0	0	0	4557	0	0	5781	0	0	3051	0	0	8117	12474	852	16871	357	30575	740	41365	68122	0	521613	0	1947332	0	0	0	0	0
FFQ	6	0	0	0	0	0	0	1	0	1361	0	2673	721	0	0	2	1539	1828	4312	1553	1459	0	948	292	4595	1	10028	9064	3135	11206	6290	29445	12380	51186	52172	1	492734	35408	1931926	0	0	0	0	0
FFQ	7	11	0	0	0	0	1	2	0	1343	0	2682	675	1	0	3	1644	1922	4553	1651	1609	0	935	316	4658	1	10428	9290	4174	10814	6021	30372	13069	51796	53810	2	497814	36354	1920309	0	0	0	0	0
FFQ	8	67	0	0	0	0	1	1	0	1814	0	3376	983	1	0	0	1909	2019	4882	1651	1559	2	1016	320	4804	2	10741	9340	6398	9401	6205	30713	13681	53272	54642	7	499269	37005	1911179	0	0	0	0	0
FFQ	9	0	0	0	0	0	1	5	1	1468	0	2648	710	0	2	2	1761	1916	4673	1865	1512	2	1017	325	4854	2	10855	3658	13785	7293	6191	30437	10039	45777	34001	31544	152404	79	285005	149924	1862504	0	0	0
FFQ	10	4	0	0	0	0	1	3	4	1467	0	2795	744	8	5	1	1728	2032	4202	1760	1507	9	1159	399	5116	13	11083	3745	16178	5006	6174	31388	9747	45986	34670	31404	152283	84	284907	153569	1857079	0	0	0
FFQ	11	1	0	0	0	0	3	11	11	1599	4	2731	718	14	5	1	1683	2088	4034	1712	1435	16	1130	324	4888	32	11067	3746	17948	2989	6127	32067	9491	46617	34888	31396	152743	108	286872	154613	1853148	0	0	0
FFQ	12	0	0	0	0	0	3	19	11	1722	19	3120	787	12	1	18	1724	2062	4080	1810	1582	30	1219	384	5079	115	11301	3892	19561	1611	6341	32685	9432	46171	35527	31134	153169	96	287032	156883	1847628	0	0	0
FFQ	13	2	0	0	0	0	4	23	14	1599	32	2889	850	21	11	28	1928	2069	4195	1878	1612	37	1227	423	5299	252	11436	4042	19859	1431	6527	33542	8920	46966	35961	31042	156062	96	287716	161237	1837030	0	0	0
FFQ	14	0	0	0	0	0	4	24	21	1401	37	2425	640	27	11	15	288	2957	4065	1809	1535	42	1325	381	3349	2377	11489	4032	19423	1348	6354	16409	25317	31373	41390	33229	28931	98059	83577	236571	178498	500383	1327144	0
FFQ	15	0	0	0	0	0	1	37	28	1465	88	2480	656	38	22	23	366	2984	3743	1864	1590	55	1334	409	3377	2545	11346	4102	18850	1411	6373	16894	25755	30552	42074	33308	29818	98286	84688	237830	178334	505483	1318051	0
FFQ	16	49	0	0	0	0	6	53	31	1728	140	2632	672	43	27	44	459	3064	3644	1757	1626	71	1518	415	3604	2809	11335	4144	18555	1484	6588	17639	25227	30177	42385	32476	31097	97076	84563	238544	178969	508961	1312648	0
FFQ	17	0	0	0	0	0	6	54	49	1722	199	2619	633	59	33	47	600	3270	3683	1905	1652	65	1656	513	3810	3228	11747	4410	18799	1490	6703	18850	26030	30388	43426	32940	33181	97030	85240	241217	178180	510410	1300416	0
FFQ	18	88	0	0	0	0	6	92	59	2024	311	2865	713	56	34	64	841	3480	4192	1988	1775	116	1733	559	4195	3794	11763	4457	18727	1609	6941	20226	26026	30362	44341	33260	35253	96674	86813	243164	180308	513110	1284241	0
FFQ	19	0	0	0	0	0	7	114	96	2160	430	2536	613	95	43	76	1049	3278	1129	5191	1749	143	1957	584	4257	4172	11763	4660	18513	1625	6915	21694	26358	30015	30315	48074	37690	83308	91827	216262	207854	519923	1279785	0
FFQ	20	23	0	0	0	0	8	115	94	2136	522	2422	552	113	81	105	1353	3422	1218	4826	1929	158	2195	677	4514	4736	11966	4887	17567	1872	7165	22937	26458	28912	31489	48098	40296	83016	92059	218329	210591	522600	1266819	0
FFQ	21	88	0	0	0	0	11	187	156	2126	635	2099	442	126	87	144	1627	3340	1172	4077	1765	244	2454	753	4598	5107	11436	4984	16728	1975	7168	24281	26415	28048	31837	47142	42896	82092	92173	220366	211225	525098	1261158	0
FFQ	22	9	0	0	0	0	15	207	221	2794	1017	2430	509	167	130	177	1888	3653	1309	3958	1962	295	2691	809	4772	5876	11810	5244	16597	2183	7440	26037	27001	27471	33401	46763	46869	81970	92489	225138	210868	523346	1246744	0
FFQ	23	0	0	0	0	0	16	261	246	2436	958	1779	331	212	149	223	2152	3537	1396	3374	1953	346	2915	941	4995	6317	11890	5607	15798	2389	7523	27815	27254	27139	34656	46838	50774	81129	94563	228861	213095	523955	1232437	0
FFQ	24	0	0	0	0	0	26	356	282	2714	1191	1745	344	247	217	286	2311	3606	1375	3167	1983	430	3217	1062	5113	6846	11733	5812	15172	2657	7551	29819	28066	26320	36093	46435	54411	81902	96181	233934	206446	520318	1226892	0
FFQ	25	0	0	0	0	0	32	379	399	2911	1377	1597	327	326	249	358	2737	3708	1294	2950	2081	522	3818	1243	5349	7348	12035	6241	14799	3096	7927	31213	28711	25973	38003	45612	58917	81264	98096	238761	205524	526735	1204348	0
FFQ	26	226	0	0	0	0	57	712	660	4275	2384	2020	368	441	342	463	3402	3931	1349	2827	2263	566	4086	1394	5235	7782	11782	6564	14093	3347	8212	31936	28880	24971	39519	45053	63618	79532	98444	241552	205648	534252	1184074	0
FFQ	27	193	0	0	0	0	57	880	854	4605	2820	1741	356	536	473	520	3909	4147	1490	2825	2367	768	4517	1676	5331	8271	12053	7143	13860	3798	8401	33124	29499	24892	41356	44406	68653	79593	100407	243544	203013	538809	1165373	0
FFQ	28	88	0	0	0	0	95	1021	1076	5111	3274	1597	371	660	604	666	4441	4182	1392	2602	2313	898	4846	1974	5578	8840	11895	7645	13423	4288	8422	34464	30578	24992	43469	44406	73994	78637	102681	245597	203803	541262	1145075	0
FFQ	29	5	0	0	0	0	110	1163	1207	4849	3139	1149	325	778	691	773	4602	3951	1208	2547	2451	1127	5313	2303	5708	9015	12036	8359	12953	4863	8895	35196	31524	24773	45493	44735	79246	78155	105782	247978	204134	543090	1126634	0
FFQ	30	12	0	0	0	0	156	1398	1470	5103	3642	997	316	831	821	895	4839	3788	1134	2606	2582	1393	5216	2503	6658	9296	11469	8957	12697	5653	9231	35579	32546	25133	47959	44762	85926	78087	108366	249842	205165	544149	1105083	0
FFQ	31	112	0	0	0	0	187	1537	1620	5239	3899	765	374	1018	972	1062	5191	3611	1045	2696	2759	1578	5663	2947	6786	9565	11254	9869	12559	6384	9629	36174	33220	25677	50370	44785	90925	78376	112357	252300	206885	544848	1082022	0
FFQ	32	15	0	0	0	0	182	1858	1855	5043	3643	586	392	1185	1101	1164	5217	3377	968	2762	2850	1759	5868	3140	7082	9657	11043	10665	12495	7335	10175	36083	34672	26463	52729	45773	97531	79830	115065	251944	210049	544554	1060150	0
FFQ	33	238	0	0	0	0	250	2076	2225	4997	3804	454	450	1313	1279	1364	5439	2899	897	2989	2887	2011	6266	3605	7416	9881	10426	11507	12468	8245	10761	35952	35657	27443	55454	46289	105243	80915	119771	252178	212736	540462	1038013	0
FFQ	34	33	0	0	0	0	265	2291	2400	5094	3812	333	520	1479	1437	1528	5347	2846	837	3038	3076	2350	6742	3823	7793	10054	10016	12435	12405	9407	11144	35427	36752	28499	57939	48221	112359	83083	124776	251125	217292	537912	1012370	0
FFQ	35	0	0	0	0	0	343	2623	2691	5013	3835	238	613	1579	1651	1811	5319	2456	874	3276	3192	2780	6526	4315	8045	10477	9574	13751	12570	10340	11878	34771	38110	29768	60996	50205	121237	86189	130210	251333	220737	532871	984063	0
FFQ	36	50	0	0	0	0	413	2857	3002	5240	3888	208	722	1770	1899	1917	5306	2244	864	3454	3403	3043	7031	4772	8589	10545	8997	15166	12669	11745	12633	34739	39318	31356	64183	52682	130234	89275	135889	249546	226522	526085	954004	0
FFQ	37	140	0	0	0	0	455	3207	3256	5252	3791	200	866	1912	2083	2190	5302	2053	915	3688	3417	3570	7361	5077	8974	10706	8478	16119	12809	12968	13787	34416	41016	33262	67449	55750	141474	92659	141376	248142	230786	518459	922895	0
FFQ	38	10	0	0	0	0	532	3621	3671	5235	3673	218	984	2135	2248	2307	5213	1959	1022	3948	3768	3911	7737	5628	9360	11005	8197	17493	13132	14266	14277	33744	42730	34300	70684	59370	152973	97412	147305	245274	236784	509937	890197	0
FFQ	39	94	0	0	0	0	618	3966	4176	5539	3664	234	1161	2301	2529	2598	5078	1796	1164	4527	3889	4378	6517	5845	11629	11074	7575	18621	13336	15894	15359	33832	43843	36588	74057	63537	166180	102605	154001	240069	244891	498280	854815	0
FFQ	40	204	0	0	0	0	516	3083	3369	4213	2746	255	1156	2116	2555	2263	4431	1447	1026	3751	3021	4457	5762	5686	10562	10065	6645	17597	11674	15963	14061	31443	41243	35265	73295	62893	186842	101388	162132	214353	275666	480517	862599	0
FFQ	41	0	0	0	0	0	604	3417	3742	4488	2596	264	1203	2401	2650	2405	4379	1441	1137	4124	3177	4344	5873	5689	11060	9902	6108	18162	11733	16136	14875	29944	41077	35973	73621	64927	207109	106298	167548	205219	269044	458297	865293	0
FFQ	42	71	0	0	0	0	668	3592	3985	4456	2363	314	1406	2454	2857	2597	4366	1369	1201	4422	3245	4841	5871	6080	11487	9722	5720	18854	11680	17201	15729	29242	41882	36874	75416	68816	230857	111996	174776	196651	267687	436633	848879	0
FFQ	43	0	0	0	0	0	763	3629	4091	4340	2084	369	1466	2427	3028	2675	3948	1280	1267	4902	3230	5225	6017	6501	11731	9795	5656	19842	11709	17999	16456	29183	42690	38069	78950	73138	255811	118021	182505	189261	271286	417575	819341	0
FFQ	44	0	0	0	0	0	905	3858	4358	4275	2047	401	1595	2499	3116	2641	3656	1278	1382	5118	3199	5645	6239	6888	12485	9682	5528	21279	12344	18973	18109	29636	44364	39425	82441	78231	281494	124956	191023	182872	273984	400269	780065	0
FFQ	45	32	0	0	0	0	1007	4090	4669	4420	1800	459	1712	2535	3244	2583	3233	978	1483	4753	3267	7851	4700	6839	13807	9802	6425	21938	12155	20177	19227	30033	45745	41237	86218	84054	311682	131019	199360	175960	276366	382869	738531	0
FFQ	46	34	0	0	0	0	1068	4025	4967	4567	1594	499	1888	2561	3192	2642	3065	864	1545	5058	3143	8634	4637	6999	14568	9758	6379	22576	12396	20685	20329	30922	47077	42260	90230	89732	343574	137935	206588	169141	279926	366130	695072	0
FFQ	47	289	0	0	0	0	1369	5010	6419	5858	1912	631	2232	2827	3711	2964	3215	935	1767	5697	3370	9499	4909	7423	15571	10207	6432	23830	12779	21885	21773	31522	48838	44184	95415	96665	374201	144601	213187	161902	280767	344503	647961	0
FFQ	48	0	0	0	0	0	1336	4018	5625	4643	1277	732	2524	3075	3925	2749	3197	876	1772	5943	2988	10551	4809	7926	16388	10516	6779	25138	12630	22882	22982	32918	50564	45412	100014	103312	410879	152329	218407	154285	281844	326722	604293	0
FFQ	49	296	0	0	0	0	1542	4389	5957	4831	1215	781	2469	2747	3776	2628	2962	880	1917	6205	2902	11051	4733	8003	13951	12077	5896	25552	15473	22907	24252	33842	52150	47340	105689	110089	448364	158811	225369	141274	285691	306651	561598	0
FFQ	50	0	0	0	0	0	1852	4977	7624	5956	1378	978	2967	3193	4153	2975	3167	999	2211	7046	3032	11848	4930	8449	14483	13101	5938	26474	16268	23348	25817	34919	53643	48461	111557	117427	486190	164582	229217	133630	281480	286917	515073	0
FFQ	51	69	0	0	0	0	1872	4356	6795	5134	869	1137	3167	2991	4140	2848	3186	862	2239	7067	2863	13061	4911	8915	15184	13625	6260	27757	16656	24147	27477	36552	55685	50347	117085	124783	526879	171058	231787	126775	275908	267834	473979	0
FFQ	52	32	0	0	0	0	2022	4351	7047	4881	792	1243	3059	2942	3765	2672	3143	886	2296	7586	2622	13619	4798	8956	15687	13870	6353	27942	17364	23903	28771	37948	57707	51682	124072	132762	568667	176927	233742	119607	269376	249345	433823	0
FFQ	53	395	0	0	0	0	2258	4525	7790	5201	710	1300	3233	2924	3761	2701	3200	886	2470	8051	2549	14713	4805	9054	16306	14303	6572	28189	18161	23738	29767	38876	59235	53241	129868	140639	612651	181625	233643	112277	261313	230614	394716	0
FFQ	54	268	0	0	0	0	2448	4223	8160	5108	554	1478	3488	3064	3820	2612	3456	870	2667	8516	2300	15570	4783	9224	16672	15178	6708	28743	19094	23637	31048	40185	60462	54307	136516	147970	657061	185271	232885	105074	252061	212016	358763	0
FFQ	55	0	0	0	0	0	2730	4147	8635	5190	453	1630	3610	2685	3720	3032	3660	777	2960	9061	2159	15623	5648	9187	17222	9952	12719	28888	19077	23525	32166	41720	63183	55499	142701	156328	702170	188587	227743	99806	242359	194479	323229	0
FFQ	56	0	0	0	0	0	2929	4058	8736	4860	326	1758	3670	2622	3502	3120	3854	805	3154	9427	2076	16580	5898	9482	18003	10094	13727	29101	20584	23396	33610	43155	64339	56912	149139	164198	744448	191280	224962	92478	231221	178463	290293	0
FFQ	57	2	0	0	0	0	3017	3983	9434	4826	303	1897	3444	2557	3249	3084	4080	780	3280	9798	1845	17292	5737	9511	18713	10114	14220	28635	21082	22816	34402	44174	66522	57418	156025	171960	789935	193392	220800	85766	219465	161620	261082	0
FFQ	58	7	0	0	0	0	3390	3895	9989	4931	236	2060	3607	2571	3089	2970	4240	734	3463	10079	1667	18411	5806	9447	19532	10520	15183	28780	22123	22124	35709	45394	68127	58478	163036	179610	833519	193824	215026	78951	206762	146057	232913	0
FFQ	59	101	0	0	0	0	3945	4139	11283	5416	254	2320	3866	2689	3137	2366	4748	756	3656	11685	1617	16087	4342	14797	13800	8207	14283	39467	23136	21421	36607	46591	69778	59555	170009	186501	873229	193894	208260	71774	194097	132395	206052	0
FFQ	60	11	0	0	0	0	4023	3810	11000	5118	180	2811	4265	2820	3220	2268	5162	723	3784	12351	1374	17339	4493	15674	14131	8260	14962	41277	24613	21462	38069	47685	72678	60484	175925	193754	911204	193882	199826	65765	181571	118602	181684	0
FFQ	61	10	0	0	0	0	4247	3633	11016	5002	133	3037	4251	2846	3098	2193	5538	736	3906	12670	1296	17883	4149	16251	14225	8300	15893	41823	26175	20840	39266	49420	74899	62078	183835	201552	947576	192853	191089	60774	168688	105397	159682	0
FFQ	62	0	0	0	0	0	4543	3458	11545	4908	88	3273	3941	2825	2822	2065	5979	656	4265	13256	1169	18609	3993	16999	14508	8338	16807	42720	26758	20123	40116	50286	76828	62939	190018	209721	984038	191762	181184	55395	156180	94873	139272	0
FFQ	63	0	0	0	0	0	4758	3440	12178	4881	76	3454	3913	2913	2537	1949	6537	670	4383	13947	1031	19233	3779	17346	14783	8390	17657	43025	28245	19442	40648	50720	78291	64073	195682	216687	1019889	189736	171460	50026	144178	84322	121981	0
FFQ	64	0	0	0	0	0	5289	3227	12741	4872	51	3706	3881	2979	2321	1908	6842	687	4620	14700	933	20056	3646	18354	15098	8387	18658	43357	29546	18724	41780	51837	81088	64970	203080	224693	1048208	186155	162404	45216	131504	74738	106004	0
FFQ	65	26	0	0	0	0	5545	3050	13102	4947	34	3868	3807	2965	2146	1727	6715	1139	4823	10002	5802	20747	3359	12306	21689	8326	19320	41440	17689	17084	58516	52237	82159	65836	208181	229690	1081693	183115	153225	40724	120815	66121	92290	0
FFQ	66	144	0	0	0	0	5706	2781	13275	4914	39	4092	3520	2917	1998	1494	6740	1085	4735	9488	5658	20288	3134	11475	21819	8021	19089	39202	17331	15521	57826	50744	81274	65243	209015	231764	1127462	182111	145626	33075	116269	56895	84490	0
FFQ	67	33	0	0	0	0	5907	2440	12940	4608	22	4627	3587	2939	1909	1402	7285	1057	4804	9446	6166	20594	2869	11780	22089	7653	19867	38907	17691	14371	58726	50223	80070	63929	208395	229465	1171638	180089	138255	29246	105676	48777	76778	0
FFQ	68	37	0	0	0	0	6192	2241	13246	4666	19	4735	3340	3029	1623	1261	7655	1048	4939	9783	6468	21044	2759	12139	22082	7865	20693	37939	18174	13297	59459	50278	80925	63903	210335	232961	1203498	177727	129527	25634	95749	41935	68055	0
FFQ	69	0	0	0	0	0	6551	2143	13678	4651	13	5236	3122	3122	1470	1219	7976	1100	5400	9726	6700	21552	2604	12280	22788	7687	21483	37941	18461	12596	60724	50269	81791	65116	213914	236689	1228307	174786	120686	22810	86916	35946	58807	0
FFQ	70	46	0	0	0	0	6758	1993	14542	4712	14	5297	3065	3305	1306	1129	8323	1063	5436	10019	7004	22316	2409	3084	15286	25449	22344	37526	19135	11898	62225	50186	83159	65209	218077	239803	1250496	171461	112093	20024	78525	30963	50580	0
FFQ	71	0	0	0	0	0	7055	1838	14722	4792	7	5654	2972	3300	1196	1062	8754	1147	5638	9962	7374	22702	2276	3015	15369	26121	22792	37056	19556	10975	63872	50212	83774	65816	221386	243465	1272284	168568	103428	17316	71301	26492	43011	0
FFQ	72	20	0	0	0	0	7451	1800	15406	4910	10	6143	2889	3417	1199	951	8942	1200	5723	10468	7980	23145	2050	2808	15623	26926	23983	37570	20160	10170	65185	50769	85285	66270	225119	249825	1285490	164365	95290	15304	63949	22590	35875	0
FFQ	73	114	0	0	0	0	7780	1601	15566	4748	11	6504	2760	3551	1032	918	9490	1161	5923	10376	8095	23296	1892	2689	15557	27732	24608	36913	20897	9333	65866	50359	86790	66800	228079	253372	1303558	160450	88443	13353	57550	18994	30099	0
FFQ	74	130	0	0	0	0	8050	1414	16172	4815	6	6662	2566	3599	891	852	9853	1294	6233	10621	8686	23943	1800	2462	15820	28439	25315	37249	21114	8634	67295	50083	87446	67395	231595	256804	1317226	157270	80819	11634	51410	16166	24497	0
FFQ	75	0	0	0	0	0	8787	1557	17942	5175	4	7448	2571	3758	872	753	10269	1217	6371	10768	9245	24547	1721	2444	16216	29647	26695	15050	43752	8116	69150	51143	89553	68888	233158	261115	1322914	152374	74307	9925	45656	13236	19916	0
FFQ	76	158	0	0	0	0	8485	1205	16371	8807	54	14288	4876	3262	1622	519	18674	875	11702	11857	19209	50455	2544	3108	32824	66797	54404	32666	105412	19995	164660	116988	222785	184446	352014	484917	510832	68144	26259	7757	29894	5401	1994	0
FFQ	77	226	0	0	0	0	8667	1016	16285	6635	21	10455	3049	3212	895	503	13729	1023	8476	10022	13192	33731	1661	1993	21530	43128	36020	18489	67638	10288	106726	75249	153658	121872	397956	481649	821884	84538	37757	6660	36819	7763	1845	0
FFQ	78	79	0	0	0	0	8784	911	16311	5697	19	8715	2155	3335	692	453	11919	1049	7306	9560	11211	27512	1257	1728	17579	34797	30030	13864	52656	7019	82711	56502	110746	85544	295655	342878	1202326	113480	50517	5982	31819	8859	4603	0
FFQ	79	125	0	0	0	0	8857	798	16203	5187	21	8672	1993	3380	539	445	11362	1003	6811	9473	10554	25132	1113	1660	15861	31797	27848	11211	47561	5379	73693	49868	94721	72913	251716	284497	1356810	132509	51202	5229	27318	6319	6480	0
FFQ	80	162	0	0	0	0	8865	720	15860	5273	17	8476	1755	3493	479	412	11358	1050	6752	9353	10448	23977	977	1568	15616	30620	27462	10185	45638	4747	70488	47735	88580	68239	237613	266780	1414941	139511	48776	4199	23692	4472	5971	0
FFQ	81	250	0	0	0	0	8998	633	16125	5102	16	8168	1538	3487	367	355	11179	1141	6601	9537	10509	23664	851	1513	15061	30402	27187	9188	45027	3975	69351	45885	85435	66617	233441	261526	1444917	141792	44623	3491	20280	3228	4800	0
FFQ	82	304	0	0	0	0	9285	569	16289	5137	15	8439	1378	3503	331	338	11302	1080	6745	9752	10655	23676	795	1471	15117	30291	27194	8287	45600	3637	69313	45513	84542	65968	232227	259689	1459610	141969	40726	2749	16755	2458	3551	0
FFQ	83	142	0	0	0	0	9353	478	16514	5035	9	8607	1272	3530	263	319	11530	1120	6848	9831	10680	23458	658	1459	15082	30711	27636	7792	46060	3231	69086	45355	84338	65530	232022	260022	1470568	140408	36665	2158	14142	1697	2651	0
FFQ	84	247	0	0	0	0	9724	454	17305	5198	16	8745	1233	3711	264	258	11636	1137	6732	10039	11161	23880	656	1393	15153	30968	27915	7154	46250	2937	69521	45309	85376	66065	232972	261742	1473969	138593	32065	1708	11725	1186	1863	0
FFQ	85	157	0	0	0	0	9929	429	17185	5305	12	9225	1110	3724	205	250	11943	1198	7003	10139	11476	23999	554	1394	15170	31456	28780	6609	47314	2565	70365	45860	85759	66111	234099	264283	1475721	135734	28168	1353	9616	820	1240	0
FFQ	86	483	0	0	0	0	10215	387	17794	5349	12	9510	971	3875	173	231	12352	1181	6965	10167	11752	24211	491	1321	15647	31960	29593	5968	47720	2350	71406	44819	86738	67008	236320	267140	1473492	134098	24536	1129	7545	548	803	0
FFQ	87	5	0	0	0	0	11067	374	20335	5669	17	10727	1047	4098	180	218	12637	1244	7321	10697	12410	24450	467	1429	15860	32645	30330	5711	48946	2187	72203	45767	87086	66951	237267	269067	1467345	131631	21420	844	5750	335	523	0
FFQ	88	23	0	0	0	0	10745	274	18903	5925	19	11110	1030	4003	186	163	12941	1215	7832	10782	13086	24967	370	1343	16271	33467	30979	5203	49869	1944	73343	45769	88532	67995	238893	270751	1465108	129130	18588	598	4374	213	316	0
FFQ	89	0	0	0	0	0	10684	227	19130	5718	23	10482	860	4072	122	166	12915	1241	7805	11000	13206	25128	352	1389	16335	34112	31531	4987	50928	1675	74075	46769	89527	68413	239774	273807	1463667	126453	15745	468	3211	112	151	0
FFQ	90	0	0	0	0	0	11132	197	19513	5671	14	10438	761	4113	111	139	13114	1238	7603	11158	13244	25133	274	1368	16606	34146	31895	4514	51814	1516	75239	46962	90626	69909	241669	277341	1458137	124360	13458	317	2401	61	68	0
FFQ	91	19	0	0	0	0	11534	180	20012	5901	16	10611	664	4330	80	115	13327	1330	7546	11275	13508	25239	279	1391	16576	34834	32129	4106	51996	1314	75578	46706	90817	69581	244265	279677	1455150	122820	11431	220	1635	28	40	0
FFQ	92	0	0	0	0	0	11850	163	20319	6076	10	10828	606	4247	72	107	13480	1322	7704	11490	13681	25418	245	1350	16666	34889	32680	3802	52762	1185	76322	46995	91811	70047	245220	280304	1453182	120482	9646	140	1137	6	16	0
FFQ	93	156	0	0	0	0	12020	160	20927	6013	7	10977	568	4318	51	85	13922	1354	7914	11613	13843	25649	201	1387	16838	35137	33224	3543	52720	1086	76794	47156	92488	70355	246185	282155	1449910	118693	7998	93	717	0	3	0
FFQ	94	0	0	0	0	0	12398	142	21424	6220	19	11423	503	4444	50	99	14062	1351	7917	11742	14431	26010	185	1317	17054	35702	33445	3326	53871	977	77517	46798	92379	70756	247943	283670	1445049	116969	6535	72	460	0	0	0
FFQ	95	107	0	0	0	0	13648	145	23847	6596	24	12251	555	81	4575	90	14267	1424	8336	12184	14620	26037	146	1407	17087	36244	34091	3138	54282	859	77859	47326	93201	71172	248401	283913	1436991	115598	5459	36	263	0	0	0
FFQ	96	0	0	0	0	0	13102	111	22509	6918	28	13062	580	79	4560	70	14682	1455	8661	12311	15207	26529	143	1429	17805	36757	34943	2942	54798	789	78185	47924	94240	71893	249317	286722	1429481	114376	4499	14	139	0	0	0
FFQ	97	9	0	0	0	0	13153	93	22408	6723	23	12436	485	61	4581	52	14915	1490	8498	12184	15264	26426	106	1408	17557	37173	35458	2751	55693	743	79685	48548	95346	72062	250926	289410	1424688	112161	3671	10	63	0	0	0
FFQ	98	83	0	0	0	0	13589	97	23197	6723	25	12648	370	48	4789	54	14813	1459	8596	12538	15327	26543	82	1569	17426	37462	35650	2564	56615	667	80195	48715	96207	72761	253242	292069	1416581	110524	2994	3	35	0	0	0
FFQ	99	113	0	0	0	0	13804	76	23505	6699	20	12936	365	49	4809	53	14895	1524	8527	12678	15567	26817	89	1469	17987	37674	36079	2386	57074	575	80206	49202	96656	73642	253966	293422	1411128	109788	2475	0	5	0	0	0
FFQ	100	106	0	0	0	0	16298	92	28412	8015	25	15289	375	56	5903	59	18574	1856	10920	16191	19771	33416	97	1616	22421	47135	45998	2567	70378	633	99254	60093	120000	90683	285848	347533	1207572	87489	1585	0	0	0	0	0
# Last Fragment Qualities. Use `grep ^LFQ | cut -f 2-` to extract this part.
# Columns correspond to qualities and rows to cycles. First column is the cycle number.
LFQ	1	1762	0	0	0	0	0	0	8194	0	0	11614	0	3281	0	0	2185	17715	0	1356	74	1833	0	6188	13401	1697	19117	40273	41237	49885	3500	153990	821540	0	186945	1284105	0	0	0	0	0	0	0	0
LFQ	2	811	0	0	0	0	0	0	8639	0	0	10885	0	3152	0	0	3065	18268	0	1499	82	1980	0	7330	12196	1693	17360	37681	49159	45617	3428	134404	749269	0	106009	1457365	0	0	0	0	0	0	0	0
LFQ	3	775	0	0	0	0	0	0	8962	0	0	11180	0	2973	0	0	2396	18294	0	1496	35	2030	0	8235	11520	1636	16727	37335	52127	44835	3318	131238	725112	0	91837	1497831	0	0	0	0	0	0	0	0
LFQ	4	1175	0	0	0	0	0	0	9116	0	0	11359	0	3040	0	0	0	7228	6403	1594	6553	2043	0	5936	2072	1723	11135	16217	8982	24766	1184	40183	5943	63866	76560	0	539105	0	1823709	0	0	0	0	0
LFQ	5	1491	0	0	0	0	0	0	9139	0	0	11002	0	3016	0	0	0	7505	6610	1487	6418	2031	0	6023	2175	1709	11262	16261	8965	24450	1219	40226	5655	63732	76416	0	543424	0	1819676	0	0	0	0	0
LFQ	6	645	0	0	0	0	0	98	4963	7248	0	5631	1400	1412	1613	336	4094	2769	9443	2867	2595	824	1753	3054	7643	1296	12344	11421	10535	16926	8654	38143	21480	70800	55251	4	508637	36647	1819366	0	0	0	0	0
LFQ	7	977	0	0	0	0	72	61	5178	7786	0	5964	1580	1333	1701	312	3964	2961	9141	2983	2617	799	1811	3103	7717	1277	12607	11568	11891	15490	8895	37675	20755	71147	55436	0	508452	36554	1818085	0	0	0	0	0
LFQ	8	370	0	0	0	0	115	45	4948	7563	1	5669	1482	1417	1784	320	4026	2785	9270	2889	2564	909	1814	3129	7948	1362	12682	11623	13954	13069	8656	38454	20285	71107	55423	3	507153	36744	1820329	0	0	0	0	0
LFQ	9	649	0	0	0	0	152	65	5272	7682	0	5911	1583	1368	1713	320	4103	2988	8405	2975	2676	947	1873	3096	7912	1338	12673	5369	21969	11378	8945	38483	15905	55158	38294	36294	159878	130	284952	149349	1770087	0	0	0
LFQ	10	916	0	0	0	0	174	122	5409	8241	2	6370	1712	1345	1846	335	4126	3011	8519	3156	2818	853	1997	3263	7923	1424	13292	5675	24373	9418	9105	39599	15370	55641	39221	35226	160799	124	285235	153298	1759954	0	0	0
LFQ	11	417	0	0	0	0	201	132	5609	8051	14	5825	1576	1450	1940	361	4313	3044	8994	3216	2784	872	1967	3165	7990	1400	13123	5572	26183	7274	9087	39649	14931	56567	39407	35869	162056	132	286560	154924	1755237	0	0	0
LFQ	12	1113	0	0	0	0	212	184	5630	7960	53	5808	1477	1459	1933	363	4237	2932	8588	3167	2861	887	2047	3232	8037	1499	13144	5498	27390	5957	8996	39753	14380	56030	39697	35436	162158	149	287823	155081	1754721	0	0	0
LFQ	13	837	0	0	0	0	206	253	5549	8167	114	5833	1583	1470	1974	368	4300	3011	8603	3267	2828	887	2063	3191	8225	1651	13401	5672	27124	5801	9125	40677	13971	56381	39781	34814	162560	142	289080	159052	1747931	0	0	0
LFQ	14	1036	0	0	0	0	254	295	5807	8564	160	5744	1596	1543	2008	385	1120	5098	9689	3260	3048	925	2298	3244	5991	4056	13385	5649	26976	5820	9031	22715	30332	39582	45450	37423	30046	103179	83325	237571	176187	494390	1242710	0
LFQ	15	1054	0	0	0	0	270	322	6060	9041	273	5935	1562	1565	1905	368	1287	5325	9599	3294	3119	981	2312	3305	6092	4487	13705	5749	26516	5832	9299	23672	30396	39417	46280	36743	31193	103113	83303	237911	175557	496972	1236078	0
LFQ	16	663	0	0	0	0	314	390	6256	9440	393	6276	1607	1595	2034	411	1558	5502	9468	3443	3245	974	2466	3200	6386	4751	13936	5990	26503	6018	9446	24152	30185	39645	46749	37039	32699	102545	84538	239582	176180	497972	1226341	0
LFQ	17	425	0	0	0	0	354	508	6246	9609	547	5770	1466	1640	2069	425	1778	5552	9236	3407	3377	1050	2637	3221	6299	5208	14065	6144	25900	6129	9518	25678	30111	39448	47337	36397	34718	101670	85497	241198	177313	499332	1218613	0
LFQ	18	252	0	0	0	0	376	603	6330	9742	750	5665	1427	1635	2282	472	1967	5662	8655	3512	3305	1059	2761	3291	6687	5413	14198	6410	25101	6257	9186	26803	30009	39039	47578	36556	36118	100573	86319	242856	178797	501469	1210777	0
LFQ	19	946	0	0	0	0	430	744	6283	10086	1027	5436	1319	1729	2231	511	2304	5386	2970	9234	3462	1154	2838	3236	6662	5979	14157	6693	24025	6451	9531	28110	30267	37647	33649	50500	38909	85497	92046	214095	205347	508751	1210250	0
LFQ	20	535	0	0	0	0	501	948	6562	10282	1325	5320	1225	1758	2177	489	2768	5902	3440	8338	3543	1197	3230	3265	6685	6655	14486	6656	23432	6661	9624	29607	30043	37299	34423	50124	41666	84764	92711	216888	206392	509883	1199088	0
LFQ	21	432	0	0	0	0	529	1067	6651	10784	1571	5026	1110	1822	2203	524	3254	5965	3338	7486	3568	1175	3475	3420	6984	7212	14738	6959	22642	6949	9562	31515	29928	36445	35624	49403	44744	84178	92744	220265	207234	508797	1190569	0
LFQ	22	839	0	0	0	0	550	1182	6850	11141	1986	4573	1069	1896	2323	635	3685	6348	3527	6898	3539	1365	3837	3416	6977	7844	14868	7347	21607	7235	9749	32969	30334	35534	36397	48980	48007	84124	93072	223042	207537	511522	1177088	0
LFQ	23	544	0	0	0	0	574	1436	6865	11324	2379	4207	940	2030	2294	669	4222	6750	3590	6213	3799	1480	4229	3603	7277	8354	15464	7642	20837	7644	9997	34963	30557	35009	37943	48300	52174	83112	93354	227312	207891	512141	1162773	0
LFQ	24	1048	0	0	0	0	617	1698	6980	11902	2841	3945	847	2100	2534	818	4882	6684	3218	5786	3773	1583	4473	3705	7323	9119	15804	7956	19887	7840	10305	36214	31130	34372	39103	47976	56485	82459	94992	230771	201421	508183	1159118	0
LFQ	25	802	0	0	0	0	733	1984	6967	11962	3243	3357	752	2215	2590	862	5343	7076	3127	5279	3817	1727	4979	3899	7339	9508	15851	8338	19095	8443	10206	37207	31099	33899	40526	47029	60481	81729	96223	234952	201190	512423	1143640	0
LFQ	26	922	0	0	0	0	813	2333	6709	12192	4054	3281	742	2291	2713	1041	5851	6815	2734	5266	3875	2038	5493	4149	7385	10017	16054	9161	18383	9297	10962	39011	31873	33641	42874	46227	65250	80700	97546	239155	198994	517097	1122953	0
LFQ	27	272	0	0	0	0	922	2599	6798	12146	4487	2855	732	2487	2727	1249	6386	7214	2558	4975	3959	2214	5894	4381	7614	10509	16003	9701	17859	10232	11260	40270	32377	33418	44843	45548	70131	80255	99304	240698	198355	521703	1104957	0
LFQ	28	683	0	0	0	0	957	2913	6951	12255	4814	2398	677	2509	2937	1347	6884	6854	2440	4886	4102	2482	6383	4717	7714	10936	15631	10436	17317	10772	11513	41139	32873	33363	46486	45349	75205	79754	101474	242523	198696	524328	1087194	0
LFQ	29	958	0	0	0	0	1073	3321	7178	12412	5153	1975	707	2602	3075	1533	7308	6455	2142	4984	4101	2692	7047	5005	7726	11465	15571	11085	16858	11607	11984	42047	33254	33842	49447	44976	80352	79741	103584	243682	198510	526849	1067591	0
LFQ	30	728	0	0	0	0	1121	3831	7408	12469	5559	1627	798	2747	3188	1720	7505	6267	1932	5036	3980	2910	6646	5393	8704	11798	15168	11850	16765	12327	12439	42605	34143	33853	51856	45210	86686	78646	107267	245790	198807	527411	1047702	0
LFQ	31	884	0	0	0	0	1230	4328	7910	12924	5984	1449	968	3091	3429	1859	8194	5769	1772	5146	4375	3184	7396	5705	9155	12205	14859	12890	16808	13258	12986	42575	34949	34976	54588	45599	92437	80139	109851	247908	200318	525866	1022928	0
LFQ	32	755	0	0	0	0	1403	4798	7815	12358	5728	1061	1020	3288	3590	2118	8532	5438	1634	5156	4334	3572	7671	6169	9254	12221	14547	13780	16451	14338	13266	42726	36211	35613	57095	45990	98339	80110	113493	247185	204353	525317	1003163	0
LFQ	33	404	0	0	0	0	1536	5003	8229	12416	5934	895	1154	3397	3917	2364	8635	5002	1528	5207	4544	3810	8018	6485	9442	12590	13708	14630	16488	15600	13999	42070	37118	36219	59311	46736	104908	81287	117348	246532	206773	521829	984826	0
LFQ	34	725	0	0	0	0	1730	5671	8670	12469	5912	789	1257	3490	4019	2670	8371	4447	1525	5611	4550	4322	8662	7147	10019	13196	13248	15759	16478	16547	14846	41724	38473	37606	62713	48345	112311	83341	120860	247466	209647	518208	957068	0
LFQ	35	1218	0	0	0	0	1900	6151	8889	11877	5709	703	1449	3734	4298	2791	8413	4151	1532	5758	4559	4780	8592	7537	10070	13623	12308	17228	16439	18040	15443	40795	39443	38502	65163	50260	121004	85279	126513	246859	213927	512210	932745	0
LFQ	36	1447	0	0	0	0	2032	6604	9362	12339	5566	706	1617	3969	4549	3138	8197	3794	1510	6185	4678	5173	8781	8059	10659	13718	11833	18525	16801	19336	16386	40206	40655	39934	67573	52905	129439	88622	131480	244492	218100	506709	904813	0
LFQ	37	207	0	0	0	0	2197	7197	9941	12199	5711	754	1803	4384	5022	3396	8865	3500	1604	6428	5079	5772	9466	8396	11165	13939	11171	19770	16720	21012	17575	40027	42201	41735	70639	56052	139940	91369	137820	242759	223519	497065	873493	0
LFQ	38	419	0	0	0	0	2384	7590	10039	12087	5120	830	2096	4534	5311	3553	8154	3244	1693	6746	4989	6165	9781	9222	11548	14083	10700	21302	16714	22242	18416	39422	43711	43170	74306	59433	150447	95623	144042	238949	230602	488332	842893	0
LFQ	39	397	0	0	0	0	2513	7939	10840	12189	5054	905	2210	4674	5540	3727	7822	3097	1822	7081	5169	6876	8643	9426	13995	14213	10157	22874	17216	23570	19591	38906	45032	45242	77290	63165	163045	100548	149382	233765	237760	478508	809709	0
LFQ	40	1064	0	0	0	0	2769	8311	11274	12082	4629	985	2463	4616	5811	3853	7297	2894	1903	7528	5197	7164	8684	9682	14657	14163	9703	24257	16851	25030	20674	37984	46400	46500	80007	67925	176946	105499	155357	229388	243630	468868	777847	0
LFQ	41	601	0	0	0	0	3004	8754	11799	12086	4269	1046	2771	5015	6050	4148	7300	2785	2151	8015	5197	7729	9181	10125	15398	14559	9174	25904	17148	26544	22080	37821	48037	48541	83136	73179	192321	110864	161850	225524	246158	453143	746485	0
LFQ	42	894	0	0	0	0	3333	9244	12312	12119	4025	1211	3019	5150	6286	4402	6771	2711	2283	8460	5149	8512	9532	10792	16250	14489	8888	27137	17376	27980	23504	38275	49866	50343	88012	79091	209249	116727	168647	219343	249724	439475	709311	0
LFQ	43	480	0	0	0	0	3643	9463	12573	12133	3560	1320	3390	5419	6542	4501	6617	2681	2320	9234	5259	8949	9724	11204	17070	14847	8879	28918	17517	29453	24708	38399	52206	52441	91355	85481	229302	122663	175220	214264	253414	421817	672926	0
LFQ	44	935	0	0	0	0	3945	9589	13305	12462	3277	1481	3798	5593	6785	4518	6590	2626	2589	9860	5306	9709	10199	11541	18080	14970	8878	30765	17653	30945	26630	38655	54249	54241	96717	91723	249717	128774	181359	209289	257071	402909	633159	0
LFQ	45	2272	0	0	0	0	4363	10004	14129	12568	2980	1625	4056	5312	6879	4580	5642	1823	2829	9450	5053	14706	7764	11830	19688	15265	10435	32319	17973	31947	28355	39572	56449	56240	101452	99147	272298	134733	187530	203028	257388	387453	590755	0
LFQ	46	484	0	0	0	0	4793	9895	14934	12645	2682	1821	4491	6295	7059	4607	5771	1679	2968	9973	4997	15368	7683	12083	21029	15142	10383	33806	18137	33278	29974	40271	58357	57988	106756	105960	297337	140645	192662	194399	260485	368942	554113	0
LFQ	47	1689	0	0	0	0	5225	10490	15740	12894	2432	2119	4610	5521	7102	4883	5402	1810	3222	10598	4988	16718	7948	12667	22588	15662	10460	35378	18008	34121	31892	41397	60532	59497	112406	114123	323473	146318	197274	187245	258289	349631	515540	0
LFQ	48	1400	0	0	0	0	5557	10356	16312	12839	2127	2201	5122	5651	7320	4700	5457	1661	3331	11153	4657	17856	8073	12817	23397	16056	10868	36186	18471	35100	33691	42969	63097	61801	118009	122497	351275	151403	201006	178643	258652	329953	478228	0
LFQ	49	1209	0	0	0	0	6075	10400	17156	13062	1848	2383	5358	5784	7297	4991	5522	1738	3654	11760	4655	19256	8136	13493	20730	19228	9805	37798	22161	35276	36111	44369	65451	63799	123317	131808	379826	157308	204807	164416	260199	308904	440802	0
LFQ	50	339	0	0	0	0	6748	10446	18206	13023	1620	2774	5771	6203	7408	4877	5717	1647	4001	12860	4527	20714	8075	13648	21265	19914	9997	39388	22900	36026	37666	46197	68036	65020	130817	140390	408704	161572	207650	155957	255659	288382	405748	0
LFQ	51	1385	0	0	0	0	7108	10024	18771	14717	1352	4763	10338	8201	12614	4808	8844	1333	4791	17814	3895	35948	10826	26650	31904	37500	20344	74722	35533	81978	68523	110332	153358	141174	226815	253441	216766	180718	205972	187638	281938	116660	40394	0
LFQ	52	824	0	0	0	0	6528	8467	16889	12427	966	4392	8630	6402	10045	3764	7225	995	4329	14487	3213	28526	8600	20162	24789	27724	14732	54791	29835	56079	52286	80285	120403	114482	239506	267106	277255	191717	175505	169207	416467	163949	26903	0
LFQ	53	399	0	0	0	0	6885	8083	17054	11204	811	3915	6883	5459	7594	3388	5919	1023	4183	12871	2894	24262	7356	15297	21657	21402	11106	42489	24447	39795	41535	55790	82560	79513	183830	200914	460259	181983	191710	131897	351912	293328	108285	0
LFQ	54	645	0	0	0	0	7157	7480	17364	10751	663	3703	6301	4903	6497	3398	5791	1155	4120	12540	2559	22830	6830	13555	20907	19538	10318	37380	22955	33692	38221	48316	69916	66831	152899	166806	580531	179541	211237	109802	273932	243140	245688	0
LFQ	55	764	0	0	0	0	7399	7149	17805	10110	508	3811	6043	4231	6189	3792	5857	1067	4420	12668	2403	21083	7975	12457	20612	13330	16323	35449	22197	31125	38084	46537	65841	62027	146045	159434	652546	181131	215648	95705	244566	193899	293662	0
LFQ	56	456	0	0	0	0	7745	6691	18326	9619	416	4056	6319	4169	5564	3751	6123	1019	4416	12787	2277	21756	8008	12105	20899	13073	16802	34277	22313	29922	37861	46560	65023	60594	146816	159761	709608	183146	215467	84651	229175	167185	291156	0
LFQ	57	444	0	0	0	0	8213	6682	18736	9669	338	4415	6162	3863	5340	3700	6282	1063	4769	13299	2014	22375	7921	12231	21760	13329	17574	34096	23130	29254	38277	46787	66060	60255	149893	165890	756633	185909	211795	76425	215696	148390	271223	0
LFQ	58	1054	0	0	0	0	8547	6509	19708	9608	250	4613	5922	3822	5031	3700	6737	1061	5205	13604	1885	23426	8038	12091	22698	13306	18545	33975	23960	28343	39399	48004	67003	60290	155753	171597	800351	186234	207807	69984	203419	133127	245286	0
LFQ	59	744	0	0	0	0	9067	6064	20349	9141	216	5029	6192	3915	4730	2817	7138	1009	5266	14920	1643	21043	6233	17901	16730	10499	16510	46191	25086	27493	40083	48547	68391	60888	160297	177854	843416	187113	201931	63276	191503	120470	220197	0
LFQ	60	617	0	0	0	0	9567	5687	20835	8970	186	5452	6017	3832	4499	2632	7625	967	5489	15489	1521	21649	5972	17975	16898	10436	17695	46297	26383	27120	41059	48758	70055	61513	166156	184595	884132	187264	195042	57158	179227	108059	197064	0
LFQ	61	440	0	0	0	0	10087	5715	21957	9066	118	5761	6283	4002	4228	2657	7996	884	5702	16145	1333	22438	6045	18669	17350	10440	18167	47207	27872	25947	41307	50095	71854	61905	172430	190589	921617	186371	187212	52490	166485	95996	175032	0
LFQ	62	1033	0	0	0	0	10369	5347	22416	8968	91	6295	6137	4022	4007	2616	8616	911	5991	17050	1241	23472	5726	19357	17865	10265	19266	48130	28981	25659	41900	51224	73552	63078	177642	197343	957259	184293	177868	47732	154367	85759	154044	0
LFQ	63	673	0	0	0	0	10920	5201	23646	8862	87	6549	6221	4088	3773	2401	9374	821	6161	17534	1052	24404	5647	19851	18261	10592	20266	48018	30412	24493	42802	51623	74673	63748	183236	204424	991465	182190	168803	42977	143150	76534	134960	0
LFQ	64	472	0	0	0	0	11637	4912	24206	8767	57	7103	6411	4057	3485	2288	9758	865	6492	18265	994	25205	5588	20669	18960	10583	21175	48543	31787	23836	43351	52337	76260	64447	189593	210545	1022306	179383	160047	38773	130710	67807	118218	0
LFQ	65	1476	0	0	0	0	11989	4643	24626	8807	41	7664	5727	4121	3221	2152	9625	1422	6893	13333	6179	26153	5117	13543	26936	10226	22197	46935	19413	21964	60254	53254	78191	64730	194070	216279	1052796	176705	151266	34678	119911	60307	103048	0
LFQ	66	203	0	0	0	0	12357	4225	25970	8779	36	8133	6457	4275	2972	2115	10091	1411	7179	13318	6516	26806	5164	13769	27785	10495	23382	47011	19873	21170	62601	53654	79158	65813	199730	221750	1079436	173285	141294	31006	109716	53203	89754	0
LFQ	67	578	0	0	0	0	13156	4079	26019	8733	21	8486	5632	4263	2714	2023	10498	1459	7301	13661	6896	27679	4726	14376	28366	10297	24314	46935	20586	20150	64026	53733	81245	66316	204441	227700	1104662	169937	132779	27836	100248	46510	77511	0
LFQ	68	495	0	0	0	0	13782	3852	27119	8871	22	8860	5441	4566	2575	1840	11123	1414	7728	13970	7348	28424	4630	14587	29319	10230	25507	47169	21014	19109	65249	54353	82699	66951	208737	233771	1126822	166521	123293	25012	90760	40388	66341	0
LFQ	69	305	0	0	0	0	14266	3557	27928	8779	22	9647	5265	4618	2362	1775	11606	1438	7895	14183	7669	29066	4425	14762	30390	10260	26570	47300	21762	18379	67506	54941	83896	67710	212645	239111	1146387	162554	114358	22403	82439	35216	56497	0
LFQ	70	1732	0	0	0	0	14707	3349	28261	8839	18	10051	4807	4636	2244	1675	12115	1469	8152	14420	7953	29412	4282	4344	20817	30971	27716	46709	22350	17064	68680	54818	85540	68521	217063	243509	1166181	158128	106028	19649	75049	30373	48260	0
LFQ	71	485	0	0	0	0	15487	3089	29333	8827	16	10782	5416	4813	1969	1597	12987	1519	8475	14498	8518	29713	4073	3968	20889	32341	28584	46523	22682	16186	69976	55009	87065	69229	220552	248582	1182089	154554	97920	17226	67931	26148	40841	0
LFQ	72	1539	0	0	0	0	15886	2807	30429	8915	14	11244	4592	4861	1722	1448	13505	1466	8794	14805	8955	30731	3897	3914	21675	33031	29805	46658	23360	15402	71426	55230	88223	70429	224730	253466	1193514	150891	90300	15245	60457	22629	33897	0
LFQ	73	1404	0	0	0	0	16710	2629	31031	8706	18	11719	4576	5149	1552	1452	13899	1492	9082	14908	9384	31600	3814	3804	22153	33973	30999	46527	24250	14503	73135	55589	89068	70958	228338	259253	1203840	146618	83212	13315	54338	18841	28053	0
LFQ	74	594	0	0	0	0	16862	2392	31682	9110	11	12328	4487	5036	1432	1367	14558	1556	9411	14985	9920	31741	3708	3594	22154	35030	31900	46599	25019	13513	74294	56009	91235	71541	231374	263923	1213866	143138	76265	11549	48865	15601	23243	0
LFQ	75	1433	0	0	0	0	17591	2147	32070	9041	16	12981	3990	5183	1248	1375	14764	1557	9617	15312	10472	32478	3613	3408	22717	36018	32835	22688	48323	12749	75124	55878	92337	72495	234440	268715	1222246	139581	70093	9915	43642	12975	18825	0
LFQ	76	894	0	0	0	0	18206	1959	33018	9064	12	13374	3933	5279	1080	1272	15289	1654	9914	15575	10726	32732	3421	3278	22906	36915	33475	22031	49866	11777	76598	55575	93442	72996	237936	272358	1230533	135467	64254	8675	38591	10739	15078	0
LFQ	77	751	0	0	0	0	18783	1796	34183	9289	13	14044	3411	5427	988	1196	15536	1711	10061	15920	11445	33419	3267	3235	23299	37724	34471	20893	51424	10921	78757	55932	94473	73969	240284	275767	1234866	131643	59021	7273	33871	8703	12126	0
LFQ	78	427	0	0	0	0	18280	1461	32023	9194	19	14527	3156	5151	869	970	15349	1455	10079	14141	11337	32093	3097	2785	22611	36117	33111	19391	50440	10089	75543	53099	91333	71893	235486	266713	1283249	133788	55929	4912	32156	6707	10912	0
LFQ	79	1433	0	0	0	0	18718	1278	32405	9285	20	14443	2908	5123	759	1023	15921	1459	9906	14589	11532	32099	2883	2617	22605	36721	34134	18313	49957	9323	75432	52374	89121	70019	230440	261437	1309594	133927	52066	4127	27716	5050	9135	0
LFQ	80	818	0	0	0	0	18821	1162	33107	9367	19	15457	2657	5216	697	865	16217	1518	10298	14975	12035	31700	2785	2557	22717	37001	34578	17291	50291	8768	75894	51587	88421	69836	229615	260544	1323628	133270	47818	3349	23942	3722	7349	0
LFQ	81	447	0	0	0	0	19253	1047	33585	9516	11	15927	2430	5176	574	889	16634	1456	10582	15129	12444	32219	2720	2418	23016	37462	35429	16385	51017	8190	76537	51928	88210	70004	227876	261041	1333285	132058	43443	2680	20558	2828	5488	0
LFQ	82	552	0	0	0	0	19620	927	34450	9623	15	16044	2264	5393	536	868	16776	1561	10881	15239	12718	32257	2591	2336	23659	38231	35857	15870	52155	7796	76799	51685	89277	70900	228856	263388	1335427	130317	39497	2189	17206	2065	4067	0
LFQ	83	716	0	0	0	0	20176	857	34888	9760	19	16709	2089	5373	408	825	17278	1526	10894	15331	13032	32679	2541	2278	23622	38514	36668	15257	52915	7074	78192	51794	89795	71196	229958	265345	1338068	128054	35444	1809	14379	1503	2926	0
LFQ	84	1098	0	0	0	0	20482	763	35499	9720	18	17227	1863	5528	425	807	17427	1547	11153	15525	13846	32741	2456	2146	24002	39043	37211	14418	54020	6619	79195	51944	90034	71465	231875	267818	1338553	125753	31133	1415	11931	1106	2086	0
LFQ	85	711	0	0	0	0	21189	674	36896	9980	21	18043	1791	5778	317	773	17770	1591	11162	15970	14099	33206	2384	2162	24446	39843	37866	13851	54772	6347	78959	51635	91281	72182	233493	268940	1337704	123515	27476	1165	9711	768	1421	0
LFQ	86	320	0	0	0	0	21588	545	37362	10347	24	18555	1747	5752	309	753	18487	1627	11688	16363	14675	33996	2394	2113	24937	40647	38727	13263	55587	5964	80606	52418	92331	72312	234492	271321	1334074	120562	23988	845	7715	501	957	0
LFQ	87	525	0	0	0	0	21699	505	37920	10405	20	18447	1540	5741	229	703	18590	1606	11947	16142	14894	33926	2298	2051	24935	41073	39813	12966	56698	5734	81827	52492	92869	73164	235149	273235	1333639	118218	21226	642	6104	313	607	0
LFQ	88	619	0	0	0	0	21901	436	37895	10485	17	18490	1365	5906	193	702	19180	1671	11681	16380	15179	34129	2355	2066	25179	41260	39974	12451	57099	5428	82089	52136	93424	72996	237354	274968	1334174	116625	18405	506	4633	177	364	0
LFQ	89	955	0	0	0	0	22913	410	38969	10550	15	18677	1256	5931	179	675	19263	1635	12068	16795	15620	34331	2272	2016	25613	41840	40500	11906	58678	5131	83392	52291	94431	73837	237838	277435	1328170	114245	15980	341	3447	103	184	0
LFQ	90	431	0	0	0	0	22989	338	39450	10906	18	19638	1147	5945	143	694	19760	1753	12153	17083	15894	34542	2198	1942	25434	42759	41587	11580	59304	5062	84106	52866	94903	74933	238313	279709	1324243	111692	13405	235	2572	56	109	0
LFQ	91	313	0	0	0	0	23571	314	40099	10951	17	20111	1067	5955	115	688	19794	1864	12474	17052	16352	35014	2110	1945	25714	43055	41768	11038	59369	4865	85158	53113	96075	75155	241032	281303	1320036	108786	11557	182	1786	28	66	0
LFQ	92	731	0	0	0	0	24045	261	40934	11066	21	20323	954	6173	97	593	19901	1821	12817	17551	16659	34713	1930	2057	26062	43329	42296	10795	60499	4550	85481	53412	97133	75497	242425	283114	1314489	106933	9863	115	1218	14	20	0
LFQ	93	424	0	0	0	0	24410	229	41824	11333	27	21201	833	6267	88	653	20678	1882	12800	17966	17078	35542	2018	1979	26608	44397	44017	10419	61635	4399	87286	53692	98461	76920	242504	285670	1302733	104870	8157	82	807	1	2	0
LFQ	94	399	0	0	0	0	24875	190	42141	11286	30	21323	781	6170	67	593	20829	1851	13016	17989	17490	35773	2105	1989	26928	44639	44226	10189	61823	4194	87375	53970	99260	76924	243871	287784	1298949	103546	6732	66	519	0	0	0
LFQ	95	399	0	0	0	0	25560	152	42657	11430	24	21282	757	567	5996	619	21111	1926	12892	18498	17621	35677	2032	1903	27249	44329	44467	9763	62655	4158	88334	53949	99817	77608	245181	287809	1295373	102079	5649	26	343	0	0	0
LFQ	96	476	0	0	0	0	25770	162	43955	11858	26	21955	634	519	6087	608	21204	1933	13187	18514	18035	36102	1971	1959	27241	45466	45156	9674	63085	3952	89460	54417	100518	78085	244543	289481	1288751	100297	4622	18	171	0	0	0
LFQ	97	1174	0	0	0	0	27013	142	46214	12254	28	22296	576	566	6377	586	21791	1935	13494	19176	18768	36704	1951	2115	27352	46049	46172	9239	64516	3823	89794	55315	101243	78394	246290	291637	1274560	98370	3864	12	102	0	0	0
LFQ	98	1168	0	0	0	0	26716	102	45018	12579	33	23468	588	519	6220	587	22241	1886	13787	19013	19407	36976	1910	2101	27876	46826	46678	9189	64422	3531	90781	55058	102319	79263	246822	293546	1268989	97060	3153	2	58	0	0	0
LFQ	99	1064	0	0	0	0	27542	92	46457	12454	23	23863	504	491	6360	596	22768	1952	14192	19480	19627	37356	1812	2124	28284	46801	47913	8964	65840	3473	91914	55825	103543	80549	247195	296096	1256537	95625	2567	1	8	0	0	0
LFQ	100	804	0	0	0	0	30707	104	53716	13803	29	26334	522	496	7638	589	25612	2620	15761	23280	23340	42527	1870	2353	32085	53948	56404	8507	75832	3324	106120	63994	121041	92260	267075	334899	1102191	78574	1533	0	0	0	0	0
# GC Content of first fragments. Use `grep ^GCF | cut -f 2-` to extract this part.
GCF	1.76	0
GCF	4.02	1
GCF	5.03	0
GCF	6.03	1
GCF	7.04	0
GCF	8.04	2
GCF	9.05	4
GCF	10.05	1
GCF	11.06	9
GCF	12.06	11
GCF	13.07	19
GCF	14.07	46
GCF	15.08	83
GCF	16.08	165
GCF	17.09	222
GCF	18.09	299
GCF	19.10	462
GCF	20.10	730
GCF	21.11	1060
GCF	22.11	1374
GCF	23.12	1839
GCF	24.12	2433
GCF	25.13	3342
GCF	26.13	4275
GCF	27.14	5309
GCF	28.14	6430
GCF	29.15	7496
GCF	30.15	9091
GCF	31.16	10862
GCF	32.16	12033
GCF	33.17	14658
GCF	34.17	16229
GCF	35.18	18732
GCF	36.18	21520
GCF	37.19	24570
GCF	38.19	27777
GCF	39.20	31559
GCF	40.20	35814
GCF	41.21	40838
GCF	42.21	46115
GCF	43.22	52087
GCF	44.22	59710
GCF	45.23	68119
GCF	46.23	77572
GCF	47.24	88910
GCF	48.24	99235
GCF	49.25	110737
GCF	50.25	121234
GCF	51.26	130432
GCF	52.26	140608
GCF	53.27	146340
GCF	54.27	148618
GCF	55.28	147178
GCF	56.28	142400
GCF	57.29	133520
GCF	58.29	121682
GCF	59.30	108222
GCF	60.30	93555
GCF	61.31	78502
GCF	62.31	65117
GCF	63.32	51464
GCF	64.32	39349
GCF	65.33	29481
GCF	66.33	21062
GCF	67.34	14540
GCF	68.34	10419
GCF	69.35	7296
GCF	70.35	4828
GCF	71.36	3199
GCF	72.36	1990
GCF	73.37	1218
GCF	74.37	737
GCF	75.38	491
GCF	76.38	303
GCF	77.39	214
GCF	78.39	137
GCF	79.40	116
GCF	80.40	72
GCF	81.41	67
GCF	82.41	43
GCF	83.42	17
GCF	84.42	13
GCF	85.43	5
GCF	86.43	4
GCF	87.44	2
GCF	88.44	1
GCF	89.45	2
GCF	90.45	0
GCF	91.46	1
# GC Content of last fragments. Use `grep ^GCL | cut -f 2-` to extract this part.
GCL	0.25	1
GCL	1.01	10
GCL	2.01	14
GCL	3.02	15
GCL	4.02	13
GCL	5.53	25
GCL	7.04	30
GCL	8.04	36
GCL	9.05	38
GCL	10.05	51
GCL	11.06	54
GCL	12.06	66
GCL	13.07	91
GCL	14.07	97
GCL	15.08	155
GCL	16.08	236
GCL	17.09	278
GCL	18.09	417
GCL	19.10	549
GCL	20.10	856
GCL	21.11	1137
GCL	22.11	1500
GCL	23.12	1944
GCL	24.12	2433
GCL	25.13	3501
GCL	26.13	4403
GCL	27.14	5423
GCL	28.14	6532
GCL	29.15	7610
GCL	30.15	9172
GCL	31.16	10579
GCL	32.16	12381
GCL	33.17	14362
GCL	34.17	16383
GCL	35.18	18783
GCL	36.18	21553
GCL	37.19	24524
GCL	38.19	27364
GCL	39.20	31327
GCL	40.20	35710
GCL	41.21	40432
GCL	42.21	46111
GCL	43.22	51944
GCL	44.22	58997
GCL	45.23	67348
GCL	46.23	77031
GCL	47.24	88656
GCL	48.24	99041
GCL	49.25	109826
GCL	50.25	120243
GCL	51.26	130437
GCL	52.26	138568
GCL	53.27	144471
GCL	54.27	148033
GCL	55.28	147078
GCL	56.28	141883
GCL	57.29	132849
GCL	58.29	122331
GCL	59.30	108879
GCL	60.30	93965
GCL	61.31	80051
GCL	62.31	65407
GCL	63.32	52428
GCL	64.32	40559
GCL	65.33	30409
GCL	66.33	22160
GCL	67.34	15622
GCL	68.34	11141
GCL	69.35	7876
GCL	70.35	5199
GCL	71.36	3574
GCL	72.36	2442
GCL	73.37	1539
GCL	74.37	1017
GCL	75.38	656
GCL	76.38	501
GCL	77.39	319
GCL	78.39	251
GCL	79.40	203
GCL	80.40	173
GCL	81.41	145
GCL	82.91	75
GCL	84.42	56
GCL	85.43	51
GCL	86.43	35
GCL	87.44	29
GCL	88.44	19
GCL	89.45	14
GCL	90.45	7
GCL	91.46	16
GCL	92.46	11
GCL	93.47	8
GCL	94.47	9
GCL	95.48	4
GCL	96.48	2
GCL	97.49	3
GCL	98.49	2
GCL	99.50	1
# ACGT content per cycle. Use `grep ^GCC | cut -f 2-` to extract this part. The columns are: cycle; A,C,G,T base counts as a percentage of all A/C/G/T bases [%]; and N and O counts as a percentage of all A/C/G/T bases [%]
GCC	1	23.94	25.91	26.13	24.02	0.04	0.00
GCC	2	24.46	25.36	25.61	24.56	0.02	0.00
GCC	3	24.29	25.51	25.77	24.43	0.01	0.00
GCC	4	24.11	25.72	25.94	24.23	0.03	0.00
GCC	5	24.23	25.54	25.83	24.40	0.03	0.00
GCC	6	23.88	25.91	26.16	24.05	0.01	0.00
GCC	7	24.25	25.57	25.86	24.32	0.02	0.00
GCC	8	24.45	25.38	25.61	24.56	0.01	0.00
GCC	9	24.36	25.47	25.69	24.49	0.01	0.00
GCC	10	24.52	25.33	25.58	24.58	0.02	0.00
GCC	11	24.53	25.27	25.54	24.66	0.01	0.00
GCC	12	24.38	25.42	25.68	24.52	0.02	0.00
GCC	13	24.45	25.36	25.58	24.61	0.02	0.00
GCC	14	24.52	25.28	25.52	24.67	0.02	0.00
GCC	15	24.36	25.40	25.69	24.54	0.02	0.00
GCC	16	24.37	25.43	25.68	24.52	0.01	0.00
GCC	17	24.43	25.38	25.65	24.54	0.01	0.00
GCC	18	24.25	25.57	25.84	24.34	0.01	0.00
GCC	19	24.24	25.53	25.83	24.40	0.02	0.00
GCC	20	24.30	25.50	25.78	24.41	0.01	0.00
GCC	21	24.12	25.70	25.95	24.23	0.01	0.00
GCC	22	24.14	25.64	25.92	24.30	0.02	0.00
GCC	23	24.18	25.60	25.85	24.37	0.01	0.00
GCC	24	24.03	25.75	26.04	24.18	0.02	0.00
GCC	25	24.10	25.70	25.94	24.26	0.02	0.00
GCC	26	24.18	25.62	25.88	24.32	0.02	0.00
GCC	27	24.03	25.77	26.08	24.12	0.01	0.00
GCC	28	24.07	25.72	25.99	24.22	0.01	0.00
GCC	29	24.15	25.67	25.90	24.27	0.02	0.00
GCC	30	23.99	25.80	26.11	24.10	0.01	0.00
GCC	31	24.03	25.80	26.01	24.17	0.02	0.00
GCC	32	24.10	25.70	25.94	24.26	0.01	0.00
GCC	33	23.91	25.89	26.12	24.07	0.01	0.00
GCC	34	23.96	25.78	26.09	24.17	0.01	0.00
GCC	35	24.08	25.73	26.00	24.20	0.02	0.00
GCC	36	23.91	25.89	26.17	24.04	0.03	0.00
GCC	37	23.97	25.83	26.07	24.12	0.01	0.00
GCC	38	24.03	25.74	26.00	24.23	0.01	0.00
GCC	39	23.91	25.93	26.14	24.02	0.01	0.00
GCC	40	23.94	25.88	26.09	24.10	0.02	0.00
GCC	41	24.02	25.77	26.06	24.15	0.01	0.00
GCC	42	23.86	25.94	26.20	24.00	0.02	0.00
GCC	43	23.94	25.88	26.10	24.08	0.01	0.00
GCC	44	24.00	25.80	26.06	24.14	0.02	0.00
GCC	45	23.86	25.96	26.20	23.98	0.04	0.00
GCC	46	23.89	25.88	26.17	24.06	0.01	0.00
GCC	47	23.99	25.82	26.08	24.11	0.04	0.00
GCC	48	23.84	25.95	26.23	23.98	0.03	0.00
GCC	49	23.93	25.85	26.18	24.04	0.03	0.00
GCC	50	24.00	25.80	26.07	24.14	0.01	0.00
GCC	51	23.83	25.97	26.20	23.99	0.03	0.00
GCC	52	23.89	25.86	26.15	24.10	0.02	0.00
GCC	53	24.00	25.81	26.06	24.13	0.01	0.00
GCC	54	23.78	25.96	26.25	24.00	0.02	0.00
GCC	55	23.88	25.88	26.18	24.06	0.01	0.00
GCC	56	23.99	25.82	26.07	24.12	0.01	0.00
GCC	57	23.83	25.99	26.22	23.96	0.01	0.00
GCC	58	23.87	25.89	26.17	24.08	0.02	0.00
GCC	59	23.98	25.87	26.05	24.11	0.02	0.00
GCC	60	23.85	25.96	26.22	23.97	0.01	0.00
GCC	61	23.88	25.89	26.17	24.06	0.01	0.00
GCC	62	23.98	25.85	26.06	24.11	0.02	0.00
GCC	63	23.83	25.99	26.23	23.95	0.01	0.00
GCC	64	23.90	25.87	26.16	24.07	0.01	0.00
GCC	65	24.00	25.84	26.07	24.09	0.03	0.00
GCC	66	23.82	25.96	26.25	23.96	0.01	0.00
GCC	67	23.88	25.88	26.18	24.06	0.01	0.00
GCC	68	23.99	25.83	26.08	24.10	0.01	0.00
GCC	69	23.85	25.93	26.23	23.98	0.01	0.00
GCC	70	23.91	25.88	26.15	24.06	0.03	0.00
GCC	71	23.94	25.84	26.11	24.11	0.01	0.00
GCC	72	23.85	25.95	26.24	23.96	0.03	0.00
GCC	73	23.89	25.92	26.16	24.03	0.03	0.00
GCC	74	24.01	25.82	26.07	24.10	0.01	0.00
GCC	75	23.83	25.93	26.22	24.02	0.03	0.00
GCC	76	23.90	25.89	26.16	24.05	0.02	0.00
GCC	77	24.01	25.79	26.07	24.13	0.02	0.00
GCC	78	23.83	25.95	26.25	23.97	0.01	0.00
GCC	79	23.92	25.94	26.14	24.01	0.03	0.00
GCC	80	24.01	25.82	26.08	24.09	0.02	0.00
GCC	81	23.84	25.95	26.22	23.99	0.01	0.00
GCC	82	23.90	25.89	26.15	24.07	0.02	0.00
GCC	83	23.98	25.82	26.06	24.14	0.02	0.00
GCC	84	23.84	25.95	26.21	24.00	0.03	0.00
GCC	85	23.89	25.91	26.14	24.07	0.02	0.00
GCC	86	24.02	25.83	26.04	24.12	0.02	0.00
GCC	87	23.86	25.95	26.17	24.01	0.01	0.00
GCC	88	23.92	25.84	26.18	24.06	0.01	0.00
GCC	89	23.97	25.80	26.08	24.14	0.02	0.00
GCC	90	23.85	25.97	26.22	23.95	0.01	0.00
GCC	91	23.90	25.92	26.15	24.03	0.01	0.00
GCC	92	23.98	25.81	26.06	24.14	0.01	0.00
GCC	93	23.86	25.97	26.23	23.94	0.01	0.00
GCC	94	23.90	25.89	26.17	24.05	0.01	0.00
GCC	95	24.00	25.84	26.06	24.10	0.01	0.00
GCC	96	23.85	25.95	26.20	24.00	0.01	0.00
GCC	97	23.88	25.90	26.17	24.05	0.02	0.00
GCC	98	23.97	25.84	26.09	24.10	0.02	0.00
GCC	99	23.82	25.97	26.24	23.97	0.02	0.00
GCC	100	23.88	25.90	26.17	24.05	0.02	0.00
# ACGT content per cycle for first fragments. Use `grep ^FBC | cut -f 2-` to extract this part. The columns are: cycle; A,C,G,T base counts as a percentage of all A/C/G/T bases [%]; and N and O counts as a percentage of all A/C/G/T bases [%]
FBC	1	24.00	25.83	26.06	24.11	0.02	0.00
FBC	2	24.63	25.21	25.46	24.70	0.00	0.00
FBC	3	24.50	25.31	25.55	24.64	0.00	0.00
FBC	4	24.44	25.42	25.63	24.50	0.02	0.00
FBC	5	24.29	25.50	25.76	24.45	0.00	0.00
FBC	6	23.96	25.85	26.09	24.10	0.00	0.00
FBC	7	24.31	25.53	25.81	24.35	0.00	0.00
FBC	8	24.44	25.40	25.61	24.55	0.00	0.00
FBC	9	24.38	25.40	25.69	24.53	0.00	0.00
FBC	10	24.55	25.31	25.56	24.58	0.00	0.00
FBC	11	24.55	25.27	25.52	24.66	0.00	0.00
FBC	12	24.38	25.43	25.69	24.51	0.00	0.00
FBC	13	24.47	25.37	25.59	24.57	0.00	0.00
FBC	14	24.51	25.28	25.52	24.69	0.00	0.00
FBC	15	24.37	25.41	25.68	24.54	0.00	0.00
FBC	16	24.39	25.41	25.68	24.52	0.00	0.00
FBC	17	24.42	25.41	25.64	24.53	0.00	0.00
FBC	18	24.24	25.58	25.85	24.32	0.00	0.00
FBC	19	24.22	25.54	25.85	24.39	0.00	0.00
FBC	20	24.29	25.50	25.81	24.40	0.00	0.00
FBC	21	24.08	25.69	26.01	24.22	0.00	0.00
FBC	22	24.12	25.62	25.92	24.34	0.00	0.00
FBC	23	24.21	25.59	25.82	24.38	0.00	0.00
FBC	24	24.01	25.77	26.03	24.20	0.00	0.00
FBC	25	24.15	25.66	25.90	24.29	0.00	0.00
FBC	26	24.15	25.63	25.88	24.34	0.01	0.00
FBC	27	24.04	25.77	26.09	24.10	0.01	0.00
FBC	28	24.04	25.72	25.96	24.28	0.00	0.00
FBC	29	24.15	25.67	25.91	24.27	0.00	0.00
FBC	30	23.99	25.81	26.08	24.12	0.00	0.00
FBC	31	24.06	25.78	25.97	24.20	0.00	0.00
FBC	32	24.10	25.70	25.95	24.25	0.00	0.00
FBC	33	23.96	25.85	26.11	24.08	0.01	0.00
FBC	34	23.98	25.75	26.05	24.22	0.00	0.00
FBC	35	24.10	25.71	25.98	24.20	0.00	0.00
FBC	36	23.92	25.88	26.14	24.06	0.00	0.00
FBC	37	23.97	25.81	26.07	24.16	0.01	0.00
FBC	38	24.05	25.72	26.00	24.23	0.00	0.00
FBC	39	23.88	25.93	26.14	24.05	0.00	0.00
FBC	40	23.91	25.87	26.11	24.11	0.01	0.00
FBC	41	24.02	25.78	26.05	24.15	0.00	0.00
FBC	42	23.86	25.94	26.17	24.03	0.00	0.00
FBC	43	23.95	25.84	26.05	24.15	0.00	0.00
FBC	44	24.02	25.77	26.05	24.15	0.00	0.00
FBC	45	23.88	25.93	26.16	24.02	0.00	0.00
FBC	46	23.84	25.91	26.15	24.10	0.00	0.00
FBC	47	24.00	25.82	26.05	24.13	0.01	0.00
FBC	48	23.83	25.95	26.21	24.01	0.00	0.00
FBC	49	23.97	25.79	26.15	24.10	0.01	0.00
FBC	50	24.03	25.80	26.03	24.15	0.00	0.00
FBC	51	23.86	25.94	26.20	24.01	0.00	0.00
FBC	52	23.88	25.89	26.14	24.09	0.00	0.00
FBC	53	24.03	25.82	26.04	24.11	0.01	0.00
FBC	54	23.81	25.93	26.22	24.04	0.01	0.00
FBC	55	23.88	25.88	26.17	24.07	0.00	0.00
FBC	56	23.97	25.82	26.09	24.12	0.00	0.00
FBC	57	23.81	26.02	26.20	23.97	0.00	0.00
FBC	58	23.87	25.88	26.18	24.07	0.00	0.00
FBC	59	23.99	25.85	26.04	24.12	0.00	0.00
FBC	60	23.85	25.97	26.17	24.00	0.00	0.00
FBC	61	23.90	25.89	26.14	24.06	0.00	0.00
FBC	62	23.98	25.85	26.06	24.11	0.00	0.00
FBC	63	23.80	26.01	26.19	23.99	0.00	0.00
FBC	64	23.91	25.83	26.16	24.11	0.00	0.00
FBC	65	24.01	25.83	26.08	24.09	0.00	0.00
FBC	66	23.81	25.97	26.22	24.00	0.01	0.00
FBC	67	23.91	25.86	26.17	24.06	0.00	0.00
FBC	68	24.00	25.82	26.06	24.12	0.00	0.00
FBC	69	23.87	25.94	26.23	23.96	0.00	0.00
FBC	70	23.89	25.87	26.15	24.09	0.00	0.00
FBC	71	23.94	25.83	26.09	24.14	0.00	0.00
FBC	72	23.84	25.98	26.21	23.97	0.00	0.00
FBC	73	23.90	25.94	26.10	24.06	0.00	0.00
FBC	74	24.05	25.81	26.05	24.10	0.00	0.00
FBC	75	23.87	25.92	26.23	23.99	0.00	0.00
FBC	76	23.94	25.90	26.13	24.04	0.01	0.00
FBC	77	24.02	25.79	26.06	24.13	0.01	0.00
FBC	78	23.81	25.94	26.25	24.00	0.00	0.00
FBC	79	23.91	25.94	26.11	24.04	0.00	0.00
FBC	80	24.00	25.84	26.10	24.06	0.01	0.00
FBC	81	23.82	25.93	26.26	23.99	0.01	0.00
FBC	82	23.91	25.88	26.14	24.08	0.01	0.00
FBC	83	23.99	25.79	26.05	24.17	0.01	0.00
FBC	84	23.83	25.95	26.21	24.01	0.01	0.00
FBC	85	23.91	25.88	26.11	24.10	0.01	0.00
FBC	86	24.06	25.82	25.99	24.13	0.02	0.00
FBC	87	23.88	25.95	26.14	24.03	0.00	0.00
FBC	88	23.94	25.84	26.15	24.06	0.00	0.00
FBC	89	23.99	25.79	26.08	24.13	0.00	0.00
FBC	90	23.89	25.98	26.18	23.95	0.00	0.00
FBC	91	23.91	25.90	26.13	24.06	0.00	0.00
FBC	92	23.99	25.82	26.04	24.16	0.00	0.00
FBC	93	23.85	25.97	26.22	23.96	0.01	0.00
FBC	94	23.92	25.89	26.11	24.07	0.00	0.00
FBC	95	24.03	25.83	26.06	24.08	0.00	0.00
FBC	96	23.86	25.95	26.17	24.02	0.00	0.00
FBC	97	23.90	25.89	26.14	24.07	0.00	0.00
FBC	98	23.98	25.81	26.11	24.10	0.00	0.00
FBC	99	23.86	25.96	26.22	23.96	0.00	0.00
FBC	100	23.88	25.87	26.15	24.10	0.00	0.00
# ACGT content per cycle for last fragments. Use `grep ^LBC | cut -f 2-` to extract this part. The columns are: cycle; A,C,G,T base counts as a percentage of all A/C/G/T bases [%]; and N and O counts as a percentage of all A/C/G/T bases [%]
LBC	1	23.87	25.99	26.20	23.94	0.07	0.00
LBC	2	24.29	25.51	25.77	24.43	0.03	0.00
LBC	3	24.08	25.72	25.99	24.22	0.03	0.00
LBC	4	23.78	26.01	26.25	23.96	0.04	0.00
LBC	5	24.17	25.59	25.89	24.35	0.06	0.00
LBC	6	23.80	25.97	26.24	23.99	0.02	0.00
LBC	7	24.20	25.60	25.92	24.28	0.04	0.00
LBC	8	24.46	25.36	25.61	24.57	0.01	0.00
LBC	9	24.34	25.53	25.68	24.45	0.02	0.00
LBC	10	24.48	25.34	25.61	24.57	0.03	0.00
LBC	11	24.51	25.27	25.56	24.66	0.02	0.00
LBC	12	24.38	25.41	25.68	24.53	0.04	0.00
LBC	13	24.44	25.34	25.58	24.65	0.03	0.00
LBC	14	24.53	25.29	25.52	24.66	0.04	0.00
LBC	15	24.36	25.39	25.71	24.54	0.04	0.00
LBC	16	24.35	25.45	25.67	24.53	0.02	0.00
LBC	17	24.43	25.35	25.67	24.55	0.02	0.00
LBC	18	24.26	25.56	25.83	24.36	0.01	0.00
LBC	19	24.25	25.52	25.81	24.42	0.04	0.00
LBC	20	24.32	25.50	25.75	24.43	0.02	0.00
LBC	21	24.15	25.72	25.90	24.24	0.02	0.00
LBC	22	24.16	25.66	25.91	24.26	0.03	0.00
LBC	23	24.15	25.61	25.88	24.36	0.02	0.00
LBC	24	24.06	25.73	26.05	24.17	0.04	0.00
LBC	25	24.06	25.75	25.98	24.22	0.03	0.00
LBC	26	24.20	25.62	25.88	24.30	0.03	0.00
LBC	27	24.03	25.77	26.07	24.14	0.01	0.00
LBC	28	24.09	25.72	26.02	24.16	0.03	0.00
LBC	29	24.15	25.67	25.90	24.27	0.04	0.00
LBC	30	23.99	25.79	26.14	24.09	0.03	0.00
LBC	31	24.00	25.82	26.05	24.14	0.03	0.00
LBC	32	24.10	25.70	25.92	24.28	0.03	0.00
LBC	33	23.87	25.93	26.14	24.06	0.02	0.00
LBC	34	23.94	25.81	26.12	24.13	0.03	0.00
LBC	35	24.05	25.75	26.01	24.19	0.05	0.00
LBC	36	23.90	25.89	26.19	24.01	0.05	0.00
LBC	37	23.98	25.85	26.08	24.09	0.01	0.00
LBC	38	24.01	25.76	26.01	24.22	0.02	0.00
LBC	39	23.94	25.92	26.15	23.99	0.01	0.00
LBC	40	23.96	25.89	26.07	24.09	0.04	0.00
LBC	41	24.03	25.75	26.08	24.14	0.02	0.00
LBC	42	23.86	25.94	26.23	23.97	0.03	0.00
LBC	43	23.92	25.92	26.15	24.01	0.02	0.00
LBC	44	23.98	25.82	26.07	24.13	0.04	0.00
LBC	45	23.83	25.99	26.24	23.94	0.09	0.00
LBC	46	23.94	25.85	26.19	24.02	0.02	0.00
LBC	47	23.99	25.81	26.10	24.09	0.06	0.00
LBC	48	23.84	25.95	26.25	23.96	0.05	0.00
LBC	49	23.90	25.90	26.21	23.99	0.05	0.00
LBC	50	23.97	25.80	26.11	24.13	0.01	0.00
LBC	51	23.81	26.01	26.21	23.97	0.05	0.00
LBC	52	23.90	25.84	26.15	24.11	0.03	0.00
LBC	53	23.96	25.80	26.09	24.15	0.01	0.00
LBC	54	23.76	25.99	26.28	23.97	0.02	0.00
LBC	55	23.88	25.88	26.19	24.05	0.03	0.00
LBC	56	24.01	25.82	26.05	24.12	0.02	0.00
LBC	57	23.85	25.96	26.24	23.95	0.02	0.00
LBC	58	23.86	25.90	26.15	24.09	0.04	0.00
LBC	59	23.97	25.89	26.05	24.10	0.03	0.00
LBC	60	23.84	25.95	26.27	23.94	0.02	0.00
LBC	61	23.86	25.89	26.20	24.06	0.02	0.00
LBC	62	23.98	25.85	26.07	24.10	0.04	0.00
LBC	63	23.86	25.97	26.26	23.91	0.03	0.00
LBC	64	23.89	25.91	26.16	24.04	0.02	0.00
LBC	65	23.99	25.85	26.07	24.09	0.06	0.00
LBC	66	23.83	25.95	26.28	23.93	0.01	0.00
LBC	67	23.86	25.90	26.19	24.05	0.02	0.00
LBC	68	23.97	25.84	26.11	24.08	0.02	0.00
LBC	69	23.84	25.93	26.23	24.01	0.01	0.00
LBC	70	23.93	25.89	26.16	24.02	0.06	0.00
LBC	71	23.95	25.84	26.13	24.08	0.02	0.00
LBC	72	23.85	25.92	26.27	23.95	0.06	0.00
LBC	73	23.89	25.89	26.21	24.01	0.05	0.00
LBC	74	23.97	25.84	26.10	24.10	0.02	0.00
LBC	75	23.79	25.94	26.22	24.05	0.05	0.00
LBC	76	23.86	25.89	26.19	24.06	0.03	0.00
LBC	77	23.99	25.80	26.08	24.13	0.03	0.00
LBC	78	23.84	25.97	26.24	23.95	0.02	0.00
LBC	79	23.92	25.94	26.17	23.97	0.05	0.00
LBC	80	24.03	25.80	26.06	24.11	0.03	0.00
LBC	81	23.86	25.96	26.19	23.99	0.02	0.00
LBC	82	23.88	25.91	26.16	24.05	0.02	0.00
LBC	83	23.97	25.86	26.06	24.12	0.03	0.00
LBC	84	23.85	25.95	26.22	23.99	0.04	0.00
LBC	85	23.87	25.93	26.16	24.04	0.03	0.00
LBC	86	23.98	25.83	26.08	24.10	0.01	0.00
LBC	87	23.85	25.95	26.21	23.99	0.02	0.00
LBC	88	23.90	25.83	26.21	24.06	0.02	0.00
LBC	89	23.96	25.81	26.08	24.15	0.04	0.00
LBC	90	23.81	25.97	26.27	23.95	0.02	0.00
LBC	91	23.89	25.94	26.17	24.00	0.01	0.00
LBC	92	23.98	25.81	26.09	24.13	0.03	0.00
LBC	93	23.87	25.98	26.23	23.92	0.02	0.00
LBC	94	23.88	25.88	26.22	24.02	0.01	0.00
LBC	95	23.98	25.85	26.06	24.11	0.01	0.00
LBC	96	23.84	25.95	26.23	23.98	0.02	0.00
LBC	97	23.87	25.90	26.19	24.04	0.04	0.00
LBC	98	23.96	25.86	26.07	24.11	0.04	0.00
LBC	99	23.79	25.98	26.25	23.97	0.04	0.00
LBC	100	23.87	25.94	26.19	24.00	0.03	0.00
# Insert sizes. Use `grep ^IS | cut -f 2-` to extract this part. The columns are: insert size, pairs total, inward oriented pairs, outward oriented pairs, other pairs
IS	0	0	0	0	0
IS	1	0	0	0	0
IS	2	0	0	0	0
IS	3	0	0	0	0
IS	4	0	0	0	0
IS	5	0	0	0	0
IS	6	0	0	0	0
IS	7	0	0	0	0
IS	8	0	0	0	0
IS	9	0	0	0	0
IS	10	0	0	0	0
IS	11	0	0	0	0
IS	12	0	0	0	0
IS	13	0	0	0	0
IS	14	0	0	0	0
IS	15	0	0	0	0
IS	16	0	0	0	0
IS	17	0	0	0	0
IS	18	0	0	0	0
IS	19	0	0	0	0
IS	20	0	0	0	0
IS	21	0	0	0	0
IS	22	0	0	0	0
IS	23	0	0	0	0
IS	24	0	0	0	0
IS	25	0	0	0	0
IS	26	0	0	0	0
IS	27	0	0	0	0
IS	28	1	0	0	1
IS	29	0	0	0	0
IS	30	1	0	1	0
IS	31	2	1	0	1
IS	32	0	0	0	0
IS	33	2	2	0	0
IS	34	0	0	0	0
IS	35	0	0	0	0
IS	36	0	0	0	0
IS	37	0	0	0	0
IS	38	1	0	0	1
IS	39	1	0	1	0
IS	40	0	0	0	0
IS	41	1	0	1	0
IS	42	0	0	0	0
IS	43	1	0	0	1
IS	44	0	0	0	0
IS	45	0	0	0	0
IS	46	0	0	0	0
IS	47	2	1	0	1
IS	48	0	0	0	0
IS	49	0	0	0	0
IS	50	1	0	1	0
IS	51	0	0	0	0
IS	52	1	1	0	0
IS	53	0	0	0	0
IS	54	0	0	0	0
IS	55	2	1	1	0
IS	56	2	0	2	0
IS	57	1	1	0	0
IS	58	1	1	0	0
IS	59	1	1	0	0
IS	60	0	0	0	0
IS	61	1	0	0	1
IS	62	1	0	1	0
IS	63	3	2	1	0
IS	64	2	1	1	0
IS	65	0	0	0	0
IS	66	2	1	1	0
IS	67	3	2	1	0
IS	68	1	1	0	0
IS	69	2	0	2	0
IS	70	1	0	1	0
IS	71	4	2	2	0
IS	72	1	1	0	0
IS	73	1	1	0	0
IS	74	2	1	0	1
IS	75	6	2	4	0
IS	76	5	3	2	0
IS	77	7	4	3	0
IS	78	3	3	0	0
IS	79	12	11	1	0
IS	80	8	4	4	0
IS	81	17	8	9	0
IS	82	8	2	6	0
IS	83	16	9	7	0
IS	84	16	7	9	0
IS	85	21	10	11	0
IS	86	17	6	11	0
IS	87	35	14	21	0
IS	88	29	12	17	0
IS	89	38	24	14	0
IS	90	54	24	30	0
IS	91	67	28	39	0
IS	92	73	39	34	0
IS	93	81	27	54	0
IS	94	119	58	60	1
IS	95	124	52	72	0
IS	96	138	53	85	0
IS	97	183	79	103	1
IS	98	212	85	127	0
IS	99	210	26	184	0
IS	100	331	169	162	0
IS	101	399	395	4	0
IS	102	420	420	0	0
IS	103	536	535	1	0
IS	104	591	591	0	0
IS	105	677	677	0	0
IS	106	741	741	0	0
IS	107	860	860	0	0
IS	108	966	966	0	0
IS	109	1053	1053	0	0
IS	110	1156	1156	0	0
IS	111	1334	1334	0	0
IS	112	1422	1421	0	1
IS	113	1554	1554	0	0
IS	114	1703	1703	0	0
IS	115	1893	1893	0	0
IS	116	1893	1893	0	0
IS	117	2154	2154	0	0
IS	118	2320	2320	0	0
IS	119	2436	2435	1	0
IS	120	2580	2580	0	0
IS	121	2750	2750	0	0
IS	122	2986	2985	0	1
IS	123	3100	3100	0	0
IS	124	3247	3247	0	0
IS	125	3462	3462	0	0
IS	126	3617	3617	0	0
IS	127	3719	3719	0	0
IS	128	3924	3924	0	0
IS	129	4096	4096	0	0
IS	130	4314	4314	0	0
IS	131	4443	4443	0	0
IS	132	4623	4623	0	0
IS	133	4699	4699	0	0
IS	134	4975	4975	0	0
IS	135	5202	5202	0	0
IS	136	5314	5314	0	0
IS	137	5488	5488	0	0
IS	138	5543	5542	0	1
IS	139	5844	5844	0	0
IS	140	5986	5986	0	0
IS	141	5914	5914	0	0
IS	142	6446	6446	0	0
IS	143	6318	6318	0	0
IS	144	6715	6715	0	0
IS	145	6723	6722	0	1
IS	146	6689	6689	0	0
IS	147	6881	6881	0	0
IS	148	7112	7112	0	0
IS	149	7246	7246	0	0
IS	150	7371	7371	0	0
IS	151	7590	7590	0	0
IS	152	7648	7648	0	0
IS	153	7947	7947	0	0
IS	154	7975	7975	0	0
IS	155	8143	8143	0	0
IS	156	8244	8243	0	1
IS	157	8310	8310	0	0
IS	158	8452	8452	0	0
IS	159	8723	8723	0	0
IS	160	8715	8715	0	0
IS	161	8960	8960	0	0
IS	162	9082	9082	0	0
IS	163	9321	9321	0	0
IS	164	9216	9216	0	0
IS	165	9348	9348	0	0
IS	166	9590	9590	0	0
IS	167	9652	9652	0	0
IS	168	9803	9803	0	0
IS	169	9873	9873	0	0
IS	170	10131	10131	0	0
IS	171	10224	10224	0	0
IS	172	10340	10340	0	0
IS	173	10350	10350	0	0
IS	174	10327	10327	0	0
IS	175	10544	10544	0	0
IS	176	10751	10751	0	0
IS	177	10750	10750	0	0
IS	178	10866	10866	0	0
IS	179	10889	10889	0	0
IS	180	10933	10933	0	0
IS	181	10977	10977	0	0
IS	182	11056	11056	0	0
IS	183	11190	11190	0	0
IS	184	11139	11139	0	0
IS	185	11296	11296	0	0
IS	186	11456	11456	0	0
IS	187	11306	11306	0	0
IS	188	11602	11602	0	0
IS	189	11604	11604	0	0
IS	190	11652	11652	0	0
IS	191	11688	11688	0	0
IS	192	11958	11958	0	0
IS	193	11780	11780	0	0
IS	194	11928	11928	0	0
IS	195	12051	12051	0	0
IS	196	11806	11806	0	0
IS	197	11925	11925	0	0
IS	198	12050	12050	0	0
IS	199	12051	12051	0	0
IS	200	12189	12189	0	0
IS	201	12260	12260	0	0
IS	202	12167	12167	0	0
IS	203	12171	12171	0	0
IS	204	12246	12246	0	0
IS	205	12399	12399	0	0
IS	206	12059	12059	0	0
IS	207	12441	12441	0	0
IS	208	12112	12112	0	0
IS	209	12432	12432	0	0
IS	210	12316	12316	0	0
IS	211	12362	12362	0	0
IS	212	12238	12238	0	0
IS	213	12384	12384	0	0
IS	214	12271	12271	0	0
IS	215	12316	12316	0	0
IS	216	12266	12266	0	0
IS	217	12232	12232	0	0
IS	218	12403	12403	0	0
IS	219	12307	12307	0	0
IS	220	12211	12211	0	0
IS	221	12472	12472	0	0
IS	222	12212	12212	0	0
IS	223	12188	12188	0	0
IS	224	12068	12068	0	0
IS	225	12243	12243	0	0
IS	226	12052	12052	0	0
IS	227	12269	12269	0	0
IS	228	12079	12079	0	0
IS	229	12056	12056	0	0
IS	230	11974	11974	0	0
IS	231	11952	11952	0	0
IS	232	12026	12026	0	0
IS	233	11824	11824	0	0
IS	234	11798	11798	0	0
IS	235	12013	12013	0	0
IS	236	11800	11800	0	0
IS	237	11741	11741	0	0
IS	238	11666	11666	0	0
IS	239	11897	11897	0	0
IS	240	11672	11672	0	0
IS	241	11548	11548	0	0
IS	242	11605	11605	0	0
IS	243	11411	11411	0	0
IS	244	11572	11572	0	0
IS	245	11441	11441	0	0
IS	246	11507	11507	0	0
IS	247	11157	11157	0	0
IS	248	11517	11516	0	1
IS	249	11094	11094	0	0
IS	250	11124	11124	0	0
IS	251	11161	11160	1	0
IS	252	10922	10922	0	0
IS	253	10850	10850	0	0
IS	254	11046	11045	0	1
IS	255	10977	10977	0	0
IS	256	10795	10795	0	0
IS	257	10997	10997	0	0
IS	258	10820	10819	1	0
IS	259	10735	10735	0	0
IS	260	10702	10702	0	0
IS	261	10596	10596	0	0
IS	262	10416	10416	0	0
IS	263	10426	10426	0	0
IS	264	10224	10224	0	0
IS	265	10360	10360	0	0
IS	266	10161	10161	0	0
IS	267	10244	10244	0	0
IS	268	10104	10104	0	0
IS	269	10055	10055	0	0
IS	270	9836	9836	0	0
IS	271	10088	10088	0	0
IS	272	10005	10005	0	0
IS	273	9785	9785	0	0
IS	274	9813	9812	1	0
IS	275	9524	9524	0	0
IS	276	9875	9875	0	0
IS	277	9429	9429	0	0
IS	278	9390	9390	0	0
IS	279	9204	9204	0	0
IS	280	9259	9259	0	0
IS	281	9249	9249	0	0
IS	282	9110	9110	0	0
IS	283	9209	9209	0	0
IS	284	9036	9036	0	0
IS	285	9161	9161	0	0
IS	286	9070	9070	0	0
IS	287	8992	8991	0	1
IS	288	8806	8806	0	0
IS	289	8822	8822	0	0
IS	290	8779	8779	0	0
IS	291	8898	8898	0	0
IS	292	8572	8572	0	0
IS	293	8605	8605	0	0
IS	294	8526	8526	0	0
IS	295	8454	8454	0	0
IS	296	8302	8302	0	0
IS	297	8223	8223	0	0
IS	298	8312	8312	0	0
IS	299	8073	8073	0	0
IS	300	8111	8111	0	0
IS	301	8064	8063	1	0
IS	302	7911	7911	0	0
IS	303	7855	7855	0	0
IS	304	7859	7859	0	0
IS	305	7901	7901	0	0
IS	306	7853	7852	1	0
IS	307	7547	7547	0	0
IS	308	7485	7485	0	0
IS	309	7640	7639	1	0
IS	310	7601	7601	0	0
IS	311	7462	7462	0	0
IS	312	7348	7347	1	0
IS	313	7202	7202	0	0
IS	314	7309	7309	0	0
IS	315	7186	7185	1	0
IS	316	7245	7245	0	0
IS	317	6954	6954	0	0
IS	318	6920	6920	0	0
IS	319	6987	6986	1	0
IS	320	6865	6865	0	0
IS	321	6839	6839	0	0
IS	322	6692	6690	2	0
IS	323	6661	6661	0	0
IS	324	6623	6623	0	0
IS	325	6712	6711	1	0
IS	326	6573	6573	0	0
IS	327	6615	6614	1	0
IS	328	6514	6514	0	0
IS	329	6370	6370	0	0
IS	330	6298	6298	0	0
IS	331	6138	6138	0	0
IS	332	6340	6340	0	0
IS	333	6371	6371	0	0
IS	334	6201	6201	0	0
IS	335	6016	6015	1	0
IS	336	6035	6035	0	0
IS	337	5981	5981	0	0
IS	338	5852	5852	0	0
IS	339	5795	5794	1	0
IS	340	5877	5877	0	0
IS	341	5850	5850	0	0
IS	342	5679	5679	0	0
IS	343	5715	5715	0	0
IS	344	5738	5738	0	0
IS	345	5551	5551	0	0
IS	346	5579	5579	0	0
IS	347	5490	5490	0	0
IS	348	5427	5427	0	0
IS	349	5387	5387	0	0
IS	350	5368	5367	1	0
IS	351	5426	5426	0	0
IS	352	5185	5184	1	0
IS	353	5261	5260	1	0
IS	354	5163	5163	0	0
IS	355	5025	5024	1	0
IS	356	4928	4928	0	0
IS	357	5009	5009	0	0
IS	358	4877	4876	1	0
IS	359	4793	4792	1	0
IS	360	4858	4858	0	0
IS	361	4850	4850	0	0
IS	362	4716	4716	0	0
IS	363	4767	4767	0	0
IS	364	4582	4582	0	0
IS	365	4500	4500	0	0
IS	366	4594	4594	0	0
IS	367	4697	4697	0	0
IS	368	4335	4334	1	0
IS	369	4462	4462	0	0
IS	370	4452	4452	0	0
IS	371	4406	4405	1	0
IS	372	4391	4390	1	0
IS	373	4222	4220	2	0
IS	374	4205	4205	0	0
IS	375	4291	4291	0	0
IS	376	4253	4253	0	0
IS	377	4024	4023	1	0
IS	378	4090	4088	2	0
IS	379	4147	4146	1	0
IS	380	3968	3968	0	0
IS	381	3963	3963	0	0
IS	382	3974	3974	0	0
IS	383	3776	3775	1	0
IS	384	3816	3816	0	0
IS	385	3863	3863	0	0
IS	386	3749	3749	0	0
IS	387	3749	3747	2	0
IS	388	3746	3746	0	0
IS	389	3786	3786	0	0
IS	390	3692	3691	1	0
IS	391	3597	3596	1	0
IS	392	3585	3585	0	0
IS	393	3598	3597	1	0
IS	394	3412	3412	0	0
IS	395	3420	3420	0	0
IS	396	3305	3305	0	0
IS	397	3483	3483	0	0
IS	398	3323	3323	0	0
IS	399	3300	3299	0	1
IS	400	3340	3340	0	0
IS	401	3248	3248	0	0
IS	402	3278	3278	0	0
IS	403	3177	3177	0	0
IS	404	3234	3234	0	0
IS	405	3165	3164	1	0
IS	406	3139	3139	0	0
IS	407	3166	3166	0	0
IS	408	3051	3051	0	0
IS	409	3086	3086	0	0
IS	410	3076	3076	0	0
IS	411	2999	2999	0	0
IS	412	2952	2952	0	0
IS	413	2980	2980	0	0
IS	414	2919	2919	0	0
IS	415	2874	2874	0	0
IS	416	2868	2868	0	0
IS	417	2782	2782	0	0
IS	418	2738	2738	0	0
IS	419	2750	2750	0	0
IS	420	2671	2671	0	0
IS	421	2704	2704	0	0
IS	422	2726	2726	0	0
IS	423	2639	2639	0	0
IS	424	2702	2701	1	0
IS	425	2633	2633	0	0
IS	426	2494	2494	0	0
IS	427	2518	2518	0	0
IS	428	2499	2499	0	0
IS	429	2562	2562	0	0
IS	430	2449	2449	0	0
IS	431	2424	2424	0	0
IS	432	2324	2324	0	0
IS	433	2381	2381	0	0
IS	434	2390	2390	0	0
IS	435	2319	2319	0	0
IS	436	2343	2343	0	0
IS	437	2293	2293	0	0
IS	438	2240	2240	0	0
IS	439	2251	2251	0	0
IS	440	2263	2263	0	0
IS	441	2182	2182	0	0
IS	442	2150	2150	0	0
IS	443	2183	2183	0	0
IS	444	2176	2176	0	0
IS	445	2166	2166	0	0
IS	446	2098	2098	0	0
IS	447	2105	2105	0	0
IS	448	2024	2024	0	0
IS	449	2002	2002	0	0
IS	450	1954	1954	0	0
IS	451	1987	1987	0	0
IS	452	1945	1945	0	0
IS	453	1875	1875	0	0
IS	454	1906	1906	0	0
IS	455	1870	1870	0	0
IS	456	1856	1856	0	0
IS	457	1944	1944	0	0
IS	458	1878	1878	0	0
IS	459	1820	1820	0	0
IS	460	1755	1755	0	0
IS	461	1738	1738	0	0
IS	462	1736	1736	0	0
IS	463	1759	1759	0	0
IS	464	1646	1644	2	0
IS	465	1785	1785	0	0
IS	466	1722	1722	0	0
IS	467	1558	1558	0	0
IS	468	1632	1632	0	0
IS	469	1666	1666	0	0
IS	470	1602	1602	0	0
IS	471	1608	1608	0	0
IS	472	1551	1551	0	0
IS	473	1614	1614	0	0
IS	474	1550	1550	0	0
IS	475	1470	1469	1	0
IS	476	1530	1529	1	0
IS	477	1525	1524	1	0
IS	478	1481	1480	1	0
IS	479	1537	1537	0	0
IS	480	1497	1497	0	0
IS	481	1402	1402	0	0
IS	482	1423	1423	0	0
IS	483	1377	1376	1	0
IS	484	1420	1420	0	0
IS	485	1334	1334	0	0
IS	486	1386	1386	0	0
IS	487	1345	1345	0	0
IS	488	1312	1312	0	0
IS	489	1209	1209	0	0
IS	490	1312	1312	0	0
IS	491	1277	1277	0	0
IS	492	1342	1342	0	0
IS	493	1270	1270	0	0
IS	494	1268	1267	1	0
IS	495	1204	1204	0	0
IS	496	1137	1136	1	0
IS	497	1240	1240	0	0
IS	498	1225	1225	0	0
IS	499	1152	1151	1	0
IS	500	1094	1093	1	0
IS	501	1133	1133	0	0
IS	502	1143	1143	0	0
IS	503	1115	1115	0	0
IS	504	1125	1125	0	0
IS	505	1118	1118	0	0
IS	506	1118	1118	0	0
IS	507	1095	1095	0	0
IS	508	1075	1075	0	0
IS	509	1082	1081	1	0
IS	510	1058	1058	0	0
IS	511	1086	1086	0	0
IS	512	986	986	0	0
IS	513	984	984	0	0
IS	514	971	970	1	0
IS	515	986	986	0	0
IS	516	1003	1003	0	0
IS	517	966	966	0	0
IS	518	943	943	0	0
IS	519	946	946	0	0
IS	520	945	944	1	0
IS	521	923	923	0	0
IS	522	876	876	0	0
IS	523	914	914	0	0
IS	524	898	897	1	0
IS	525	883	883	0	0
IS	526	922	922	0	0
IS	527	831	830	1	0
IS	528	878	878	0	0
IS	529	875	875	0	0
IS	530	832	832	0	0
IS	531	779	779	0	0
IS	532	771	771	0	0
IS	533	768	767	1	0
IS	534	852	851	1	0
IS	535	810	810	0	0
IS	536	780	778	2	0
IS	537	787	787	0	0
IS	538	726	724	2	0
IS	539	843	843	0	0
IS	540	753	753	0	0
IS	541	744	744	0	0
IS	542	706	706	0	0
IS	543	754	752	2	0
IS	544	700	700	0	0
IS	545	690	690	0	0
IS	546	690	689	1	0
IS	547	701	700	1	0
IS	548	652	652	0	0
IS	549	651	651	0	0
IS	550	639	639	0	0
IS	551	639	639	0	0
IS	552	672	671	1	0
IS	553	660	660	0	0
IS	554	615	615	0	0
IS	555	616	616	0	0
IS	556	625	624	1	0
IS	557	626	626	0	0
IS	558	620	620	0	0
IS	559	572	572	0	0
IS	560	586	586	0	0
IS	561	591	591	0	0
IS	562	570	569	1	0
IS	563	578	578	0	0
IS	564	533	532	1	0
IS	565	546	546	0	0
IS	566	547	547	0	0
IS	567	536	535	1	0
IS	568	531	531	0	0
IS	569	498	498	0	0
IS	570	533	533	0	0
IS	571	510	510	0	0
IS	572	463	463	0	0
IS	573	481	481	0	0
IS	574	486	486	0	0
IS	575	489	489	0	0
IS	576	444	444	0	0
IS	577	481	481	0	0
IS	578	490	490	0	0
IS	579	474	474	0	0
IS	580	480	480	0	0
IS	581	441	440	1	0
IS	582	450	450	0	0
IS	583	404	404	0	0
IS	584	452	452	0	0
IS	585	420	420	0	0
IS	586	420	420	0	0
IS	587	425	425	0	0
IS	588	403	403	0	0
IS	589	399	399	0	0
IS	590	384	384	0	0
IS	591	431	431	0	0
IS	592	379	379	0	0
IS	593	404	403	1	0
IS	594	351	351	0	0
IS	595	396	396	0	0
IS	596	421	421	0	0
IS	597	377	377	0	0
IS	598	360	360	0	0
IS	599	389	389	0	0
IS	600	355	355	0	0
IS	601	363	363	0	0
# Read lengths. Use `grep ^RL | cut -f 2-` to extract this part. The columns are: read length, count
RL	100	5336152
# Read lengths - first fragments. Use `grep ^FRL | cut -f 2-` to extract this part. The columns are: read length, count
FRL	100	2666260
# Read lengths - last fragments. Use `grep ^LRL | cut -f 2-` to extract this part. The columns are: read length, count
LRL	100	2669892
# Indel distribution. Use `grep ^ID | cut -f 2-` to extract this part. The columns are: length, number of insertions, number of deletions
ID	1	112308	229190
ID	2	11269	13458
ID	3	3512	2550
ID	4	676	942
ID	5	722	212
ID	6	283	37
ID	7	268	39
ID	8	56	10
ID	9	83	81
ID	10	57	3
ID	11	5	95
ID	12	5	51
ID	13	3	5
ID	14	44	5
ID	15	16	6
ID	16	4	8
ID	17	11	14
ID	18	4	58
ID	19	14	27
ID	20	0	7
ID	21	8	10
ID	22	33	28
ID	23	11	13
ID	24	18	3
ID	25	19	20
ID	26	4	3
ID	27	3	2
ID	28	7	5
ID	29	19	20
ID	30	11	11
ID	31	2	3
ID	33	14	1
ID	35	10	0
ID	39	0	1
ID	44	0	3
ID	61	0	2
# Indels per cycle. Use `grep ^IC | cut -f 2-` to extract this part. The columns are: cycle, number of insertions (fwd), .. (rev) , number of deletions (fwd), .. (rev)
IC	3	0	0	933	952
IC	4	778	718	1376	1310
IC	5	714	753	1440	1383
IC	6	757	704	1335	1450
IC	7	734	679	1281	1236
IC	8	674	682	1241	1331
IC	9	672	655	1354	1379
IC	10	696	666	1320	1332
IC	11	660	626	1308	1329
IC	12	662	693	1361	1334
IC	13	699	695	1409	1321
IC	14	708	726	1371	1369
IC	15	734	664	1361	1384
IC	16	697	691	1387	1365
IC	17	720	699	1412	1339
IC	18	727	704	1455	1332
IC	19	697	713	1348	1365
IC	20	679	721	1355	1305
IC	21	694	751	1363	1359
IC	22	696	674	1332	1391
IC	23	687	765	1364	1353
IC	24	668	713	1330	1297
IC	25	721	686	1332	1420
IC	26	725	676	1316	1356
IC	27	702	690	1321	1364
IC	28	691	728	1356	1355
IC	29	734	674	1343	1344
IC	30	682	667	1347	1404
IC	31	703	728	1334	1343
IC	32	670	661	1301	1354
IC	33	693	720	1238	1388
IC	34	711	769	1401	1349
IC	35	713	679	1389	1319
IC	36	691	698	1332	1357
IC	37	653	735	1368	1321
IC	38	713	708	1332	1322
IC	39	741	737	1296	1392
IC	40	721	707	1345	1304
IC	41	751	714	1345	1269
IC	42	697	762	1355	1347
IC	43	722	696	1321	1312
IC	44	642	693	1290	1289
IC	45	671	734	1297	1364
IC	46	675	728	1315	1284
IC	47	697	719	1307	1293
IC	48	700	642	1338	1317
IC	49	704	674	1290	1312
IC	50	717	718	1316	1308
IC	51	675	718	1348	1336
IC	52	672	715	1310	1290
IC	53	723	687	1281	1287
IC	54	668	690	1303	1312
IC	55	661	691	1343	1346
IC	56	674	633	1294	1332
IC	57	700	645	1250	1286
IC	58	653	671	1322	1268
IC	59	714	707	1357	1293
IC	60	677	686	1309	1276
IC	61	737	675	1294	1294
IC	62	644	655	1325	1260
IC	63	683	715	1266	1338
IC	64	728	650	1376	1251
IC	65	718	722	1294	1286
IC	66	689	709	1299	1247
IC	67	678	703	1244	1331
IC	68	702	665	1271	1303
IC	69	683	675	1295	1286
IC	70	671	685	1278	1308
IC	71	678	710	1304	1360
IC	72	714	651	1285	1255
IC	73	687	712	1303	1210
IC	74	692	664	1280	1275
IC	75	702	688	1349	1295
IC	76	717	665	1266	1345
IC	77	705	711	1242	1327
IC	78	643	655	1256	1307
IC	79	675	682	1328	1306
IC	80	687	724	1265	1327
IC	81	646	673	1277	1244
IC	82	690	699	1256	1219
IC	83	703	678	1268	1198
IC	84	663	669	1279	1264
IC	85	686	662	1227	1322
IC	86	652	682	1284	1214
IC	87	696	653	1296	1274
IC	88	635	583	1268	1193
IC	89	690	637	1283	1193
IC	90	663	612	1220	1215
IC	91	647	594	1254	1185
IC	92	632	621	1190	1227
IC	93	549	603	1062	1110
IC	94	656	609	1185	1217
IC	95	635	687	1179	1256
IC	96	662	643	1327	1206
IC	97	713	739	819	874
# Coverage distribution. Use `grep ^COV | cut -f 2-` to extract this part.
COV	[1-1]	1	414717
COV	[2-2]	2	282419
COV	[3-3]	3	235698
COV	[4-4]	4	214861
COV	[5-5]	5	200936
COV	[6-6]	6	184899
COV	[7-7]	7	174577
COV	[8-8]	8	167748
COV	[9-9]	9	161750
COV	[10-10]	10	153540
COV	[11-11]	11	148101
COV	[12-12]	12	144580
COV	[13-13]	13	140929
COV	[14-14]	14	137160
COV	[15-15]	15	133403
COV	[16-16]	16	132792
COV	[17-17]	17	130338
COV	[18-18]	18	130819
COV	[19-19]	19	127421
COV	[20-20]	20	125773
COV	[21-21]	21	125941
COV	[22-22]	22	126558
COV	[23-23]	23	125107
COV	[24-24]	24	126367
COV	[25-25]	25	125522
COV	[26-26]	26	125575
COV	[27-27]	27	125243
COV	[28-28]	28	125186
COV	[29-29]	29	125348
COV	[30-30]	30	125057
COV	[31-31]	31	124558
COV	[32-32]	32	124863
COV	[33-33]	33	124038
COV	[34-34]	34	124515
COV	[35-35]	35	121587
COV	[36-36]	36	120844
COV	[37-37]	37	120288
COV	[38-38]	38	118383
COV	[39-39]	39	115827
COV	[40-40]	40	115606
COV	[41-41]	41	114714
COV	[42-42]	42	113733
COV	[43-43]	43	112971
COV	[44-44]	44	111760
COV	[45-45]	45	109760
COV	[46-46]	46	107943
COV	[47-47]	47	106243
COV	[48-48]	48	104743
COV	[49-49]	49	101863
COV	[50-50]	50	99409
COV	[51-51]	51	96788
COV	[52-52]	52	94996
COV	[53-53]	53	93368
COV	[54-54]	54	91124
COV	[55-55]	55	89030
COV	[56-56]	56	87195
COV	[57-57]	57	84790
COV	[58-58]	58	82483
COV	[59-59]	59	80027
COV	[60-60]	60	78072
COV	[61-61]	61	75890
COV	[62-62]	62	73518
COV	[63-63]	63	71132
COV	[64-64]	64	69062
COV	[65-65]	65	67612
COV	[66-66]	66	65415
COV	[67-67]	67	63787
COV	[68-68]	68	62621
COV	[69-69]	69	62182
COV	[70-70]	70	60604
COV	[71-71]	71	59665
COV	[72-72]	72	58820
COV	[73-73]	73	58078
COV	[74-74]	74	57513
COV	[75-75]	75	56888
COV	[76-76]	76	56991
COV	[77-77]	77	56371
COV	[78-78]	78	56912
COV	[79-79]	79	56776
COV	[80-80]	80	56719
COV	[81-81]	81	56637
COV	[82-82]	82	57242
COV	[83-83]	83	57228
COV	[84-84]	84	57681
COV	[85-85]	85	58990
COV	[86-86]	86	59834
COV	[87-87]	87	60618
COV	[88-88]	88	62050
COV	[89-89]	89	63119
COV	[90-90]	90	64070
COV	[91-91]	91	64587
COV	[92-92]	92	65376
COV	[93-93]	93	65541
COV	[94-94]	94	65491
COV	[95-95]	95	66057
COV	[96-96]	96	65744
COV	[97-97]	97	65851
COV	[98-98]	98	65490
COV	[99-99]	99	64727
COV	[100-100]	100	63713
COV	[101-101]	101	63325
COV	[102-102]	102	61265
COV	[103-103]	103	59652
COV	[104-104]	104	57784
COV	[105-105]	105	56190
COV	[106-106]	106	53891
COV	[107-107]	107	51814
COV	[108-108]	108	49190
COV	[109-109]	109	46543
COV	[110-110]	110	43678
COV	[111-111]	111	40566
COV	[112-112]	112	38004
COV	[113-113]	113	35583
COV	[114-114]	114	32806
COV	[115-115]	115	30740
COV	[116-116]	116	28027
COV	[117-117]	117	26282
COV	[118-118]	118	24078
COV	[119-119]	119	21915
COV	[120-120]	120	20306
COV	[121-121]	121	18397
COV	[122-122]	122	16283
COV	[123-123]	123	14485
COV	[124-124]	124	13255
COV	[125-125]	125	11531
COV	[126-126]	126	10539
COV	[127-127]	127	9539
COV	[128-128]	128	8426
COV	[129-129]	129	7621
COV	[130-130]	130	6766
COV	[131-131]	131	6141
COV	[132-132]	132	5421
COV	[133-133]	133	4991
COV	[134-134]	134	4376
COV	[135-135]	135	3969
COV	[136-136]	136	3792
COV	[137-137]	137	3431
COV	[138-138]	138	3154
COV	[139-139]	139	2984
COV	[140-140]	140	2765
COV	[141-141]	141	2585
COV	[142-142]	142	2520
COV	[143-143]	143	2368
COV	[144-144]	144	2219
COV	[145-145]	145	2244
COV	[146-146]	146	2086
COV	[147-147]	147	1958
COV	[148-148]	148	1941
COV	[149-149]	149	1829
COV	[150-150]	150	1834
COV	[151-151]	151	1785
COV	[152-152]	152	1716
COV	[153-153]	153	1767
COV	[154-154]	154	1576
COV	[155-155]	155	1602
COV	[156-156]	156	1566
COV	[157-157]	157	1581
COV	[158-158]	158	1529
COV	[159-159]	159	1503
COV	[160-160]	160	1405
COV	[161-161]	161	1382
COV	[162-162]	162	1207
COV	[163-163]	163	1194
COV	[164-164]	164	1205
COV	[165-165]	165	1207
COV	[166-166]	166	1200
COV	[167-167]	167	1186
COV	[168-168]	168	1072
COV	[169-169]	169	950
COV	[170-170]	170	955
COV	[171-171]	171	970
COV	[172-172]	172	904
COV	[173-173]	173	884
COV	[174-174]	174	785
COV	[175-175]	175	743
COV	[176-176]	176	720
COV	[177-177]	177	624
COV	[178-178]	178	601
COV	[179-179]	179	560
COV	[180-180]	180	512
COV	[181-181]	181	390
COV	[182-182]	182	445
COV	[183-183]	183	398
COV	[184-184]	184	343
COV	[185-185]	185	298
COV	[186-186]	186	330
COV	[187-187]	187	275
COV	[188-188]	188	277
COV	[189-189]	189	267
COV	[190-190]	190	272
COV	[191-191]	191	254
COV	[192-192]	192	238
COV	[193-193]	193	225
COV	[194-194]	194	204
COV	[195-195]	195	227
COV	[196-196]	196	197
COV	[197-197]	197	219
COV	[198-198]	198	208
COV	[199-199]	199	187
COV	[200-200]	200	198
COV	[201-201]	201	183
COV	[202-202]	202	183
COV	[203-203]	203	182
COV	[204-204]	204	152
COV	[205-205]	205	171
COV	[206-206]	206	148
COV	[207-207]	207	134
COV	[208-208]	208	126
COV	[209-209]	209	133
COV	[210-210]	210	125
COV	[211-211]	211	112
COV	[212-212]	212	81
COV	[213-213]	213	76
COV	[214-214]	214	79
COV	[215-215]	215	72
COV	[216-216]	216	72
COV	[217-217]	217	66
COV	[218-218]	218	45
COV	[219-219]	219	70
COV	[220-220]	220	59
COV	[221-221]	221	61
COV	[222-222]	222	53
COV	[223-223]	223	61
COV	[224-224]	224	54
COV	[225-225]	225	60
COV	[226-226]	226	69
COV	[227-227]	227	58
COV	[228-228]	228	45
COV	[229-229]	229	67
COV	[230-230]	230	47
COV	[231-231]	231	42
COV	[232-232]	232	33
COV	[233-233]	233	34
COV	[234-234]	234	30
COV	[235-235]	235	29
COV	[236-236]	236	23
COV	[237-237]	237	33
COV	[238-238]	238	21
COV	[239-239]	239	22
COV	[240-240]	240	17
COV	[241-241]	241	9
COV	[242-242]	242	16
COV	[243-243]	243	10
COV	[244-244]	244	13
COV	[245-245]	245	7
COV	[246-246]	246	13
COV	[247-247]	247	7
COV	[248-248]	248	3
COV	[249-249]	249	3
COV	[250-250]	250	5
COV	[251-251]	251	12
COV	[252-252]	252	8
COV	[253-253]	253	6
COV	[254-254]	254	1
COV	[255-255]	255	3
COV	[256-256]	256	2
COV	[258-258]	258	1
COV	[259-259]	259	2
COV	[261-261]	261	1
# GC-depth. Use `grep ^GCD | cut -f 2-` to extract this part. The columns are: GC%, unique sequence percentiles, 10th, 25th, 50th, 75th and 90th depth percentile
GCD	0.0	0.661	0.000	0.005	0.005	0.005	0.005
GCD	5.0	0.716	0.005	0.005	0.005	0.005	0.005
GCD	9.0	0.882	0.005	0.005	0.005	0.025	0.025
GCD	10.0	0.937	0.025	0.025	0.025	0.025	0.025
GCD	11.0	1.047	0.005	0.005	0.005	0.015	0.015
GCD	12.0	1.102	0.020	0.020	0.020	0.020	0.020
GCD	13.0	1.267	0.005	0.005	0.005	0.010	0.010
GCD	14.0	1.598	0.005	0.005	0.015	0.020	0.025
GCD	15.0	1.873	0.005	0.005	0.005	0.015	0.030
GCD	16.0	2.094	0.005	0.005	0.015	0.025	0.040
GCD	17.0	2.204	0.005	0.005	0.005	0.005	0.005
GCD	18.0	2.479	0.005	0.005	0.020	0.020	0.065
GCD	19.0	2.810	0.005	0.005	0.005	0.020	0.245
GCD	20.0	2.865	0.030	0.030	0.030	0.030	0.030
GCD	21.0	3.085	0.005	0.005	0.005	0.005	0.015
GCD	22.0	3.361	0.005	0.005	0.010	0.055	0.215
GCD	23.0	3.802	0.005	0.005	0.010	0.020	0.065
GCD	24.0	4.298	0.005	0.005	0.015	0.035	0.050
GCD	25.0	4.848	0.005	0.005	0.010	0.010	0.040
GCD	26.0	5.179	0.005	0.005	0.010	0.035	0.055
GCD	27.0	5.730	0.005	0.005	0.010	0.045	0.045
GCD	28.0	6.501	0.005	0.005	0.010	0.030	0.100
GCD	29.0	7.163	0.005	0.005	0.010	0.060	0.155
GCD	30.0	7.548	0.005	0.025	0.035	0.080	0.085
GCD	31.0	7.989	0.005	0.005	0.015	0.030	0.065
GCD	32.0	9.146	0.005	0.010	0.010	0.030	0.100
GCD	33.0	9.532	0.005	0.005	0.015	0.105	0.270
GCD	34.0	10.028	0.005	0.005	0.010	0.010	0.505
GCD	35.0	10.468	0.005	0.005	0.010	0.015	18.460
GCD	36.0	10.854	0.005	0.005	0.030	0.175	14.600
GCD	37.0	11.405	0.005	0.005	0.015	0.845	2.750
GCD	38.0	12.287	0.005	0.005	0.030	0.070	1.060
GCD	39.0	12.893	0.005	0.010	0.140	0.545	0.580
GCD	40.0	13.499	0.005	0.035	4.245	9.595	17.670
GCD	41.0	14.160	0.005	0.015	0.245	9.125	14.415
GCD	42.0	14.986	0.005	0.005	0.080	1.890	6.690
GCD	43.0	16.143	0.005	0.010	0.170	0.875	9.430
GCD	44.0	17.631	0.010	0.015	1.755	8.455	20.430
GCD	45.0	19.063	0.005	0.285	5.335	12.805	21.435
GCD	46.0	20.661	0.010	0.630	7.330	15.840	63.890
GCD	47.0	24.022	0.010	0.210	6.715	24.975	56.160
GCD	48.0	27.163	0.015	0.115	9.710	29.475	69.755
GCD	49.0	30.744	0.025	0.715	4.950	18.815	47.930
GCD	50.0	36.694	0.035	1.335	11.035	33.010	58.975
GCD	51.0	43.857	0.140	1.795	10.860	30.955	66.450
GCD	52.0	52.837	0.210	2.625	15.775	38.835	66.600
GCD	53.0	62.700	0.320	3.305	14.865	44.330	71.260
GCD	54.0	72.397	0.120	1.670	11.735	36.670	78.625
GCD	55.0	78.953	0.050	0.715	6.065	21.610	51.915
GCD	56.0	84.683	0.035	0.285	2.295	9.365	18.935
GCD	57.0	88.485	0.015	0.210	1.080	4.760	16.260
GCD	58.0	90.799	0.075	0.250	1.035	5.425	18.170
GCD	59.0	92.782	0.010	0.040	0.465	3.920	9.565
GCD	60.0	93.609	0.005	0.020	0.520	1.770	8.505
GCD	61.0	94.601	0.005	0.005	0.035	0.080	0.320
GCD	62.0	95.262	0.005	0.005	0.020	0.245	0.450
GCD	63.0	95.482	0.005	0.005	0.010	0.020	0.020
GCD	64.0	95.758	0.005	0.005	0.005	0.015	0.050
GCD	65.0	96.033	0.010	0.010	0.015	0.045	0.080
GCD	66.0	96.143	0.005	0.005	0.005	2.975	2.975
GCD	67.0	96.474	0.005	0.005	0.010	0.685	16.180
GCD	68.0	96.694	0.010	0.010	0.010	0.035	1.055
GCD	69.0	96.860	0.005	0.005	0.015	0.015	0.015
GCD	70.0	97.080	0.005	0.005	0.040	0.190	1.005
GCD	71.0	97.410	0.005	0.005	0.010	0.020	0.035
GCD	72.0	97.576	0.005	0.005	0.005	0.010	0.010
GCD	73.0	97.851	0.005	0.005	0.005	0.005	0.010
GCD	74.0	97.961	0.015	0.015	0.015	0.035	0.035
GCD	75.0	98.292	0.005	0.005	0.005	0.005	0.020
GCD	76.0	98.512	0.005	0.005	0.010	0.015	0.020
GCD	77.0	98.898	0.005	0.005	0.010	0.030	0.060
GCD	78.0	99.008	0.020	0.020	0.020	0.025	0.025
GCD	80.0	99.284	0.005	0.005	0.005	0.005	0.030
GCD	81.0	99.449	0.005	0.005	0.010	0.015	0.015
GCD	82.0	99.504	0.005	0.005	0.005	0.005	0.005
GCD	83.0	99.559	0.010	0.010	0.010	0.010	0.010
GCD	84.0	99.614	0.025	0.025	0.025	0.025	0.025
GCD	85.0	99.669	0.020	0.020	0.020	0.020	0.020
GCD	87.0	99.835	0.005	0.005	0.010	0.010	0.010
GCD	89.0	99.890	0.015	0.015	0.015	0.015	0.015
GCD	93.0	99.945	0.005	0.005	0.005	0.005	0.005
GCD	96.0	100.000	0.005	0.005	0.005	0.005	0.005
