# This file was produced by samtools stats (1.9+htslib-1.9) and can be plotted using plot-bamstats
# This file contains statistics for all reads.
# The command line was:  stats -c 1,1000,1 ERR495215_merged.bam
# CHK, Checksum	[2]Read Names	[3]Sequences	[4]Qualities
# CHK, CRC32 of reads which passed filtering followed by addition (32bit overflow)
CHK	ca8d0f2c	0ef52980	30af9caa
# Summary Numbers. Use `grep ^SN | cut -f 2-` to extract this part.
SN	raw total sequences:	4011976
SN	filtered sequences:	0
SN	sequences:	4011976
SN	is sorted:	1
SN	1st fragments:	2004013
SN	last fragments:	2007963
SN	reads mapped:	3914653
SN	reads mapped and paired:	3890960	# paired-end technology bit set + both mates mapped
SN	reads unmapped:	97323
SN	reads properly paired:	3876286	# proper-pair bit set
SN	reads paired:	4011976	# paired-end technology bit set
SN	reads duplicated:	0	# PCR or optical duplicate bit set
SN	reads MQ0:	1226520	# mapped and MQ=0
SN	reads QC failed:	0
SN	non-primary alignments:	0
SN	total length:	401197600	# ignores clipping
SN	total first fragment length:	200401300	# ignores clipping
SN	total last fragment length:	200796300	# ignores clipping
SN	bases mapped:	391465300	# ignores clipping
SN	bases mapped (cigar):	389566414	# more accurate
SN	bases trimmed:	0
SN	bases duplicated:	0
SN	mismatches:	2077010	# from NM fields
SN	error rate:	5.331594e-03	# mismatches / bases mapped (cigar)
SN	average length:	100
SN	average first fragment length:	100
SN	average last fragment length:	100
SN	maximum length:	100
SN	maximum first fragment length:	100
SN	maximum last fragment length:	100
SN	average quality:	33.8
SN	insert size average:	267.6
SN	insert size standard deviation:	96.8
SN	inward oriented pairs:	1938665
SN	outward oriented pairs:	974
SN	pairs with other orientation:	187
SN	pairs on different chromosomes:	5803
SN	percentage of properly paired reads (%):	96.6
# First Fragment Qualities. Use `grep ^FFQ | cut -f 2-` to extract this part.
# Columns correspond to qualities and rows to cycles. First column is the cycle number.
FFQ	1	1239	0	0	0	0	0	0	0	0	0	6754	0	0	0	0	0	9742	0	0	199	0	0	1272	6954	0	10360	20072	29584	20508	0	118348	672292	0	154647	952042	0	0	0	0	0	0	0	0
FFQ	2	35	0	0	0	0	0	0	0	0	0	3097	0	0	0	0	0	12038	0	0	786	0	0	2262	5939	0	8765	18765	33973	17591	0	101518	604624	0	81036	1113584	0	0	0	0	0	0	0	0
FFQ	3	5	0	0	0	0	0	0	0	0	0	4239	0	0	0	0	0	9434	0	0	257	0	0	2981	5846	0	9634	18702	36610	20386	0	101353	583685	0	71527	1139354	0	0	0	0	0	0	0	0
FFQ	4	4	0	0	0	0	0	0	0	0	0	3388	0	0	0	0	0	3230	0	0	5162	0	0	2600	0	0	5763	9540	743	15241	375	24094	662	37322	58796	0	453114	0	1383979	0	0	0	0	0
FFQ	5	9	0	0	0	0	0	0	0	0	0	3295	0	0	0	0	0	4624	0	0	4822	0	0	3250	0	0	7524	12191	904	16364	366	29308	778	39741	62857	0	453619	0	1364361	0	0	0	0	0
FFQ	6	0	0	0	0	0	0	1	0	986	0	1916	535	0	0	0	1123	1829	3098	1415	1396	0	990	309	4221	1	9448	8777	3099	9160	6207	27309	11058	47805	46486	1	429835	26849	1360159	0	0	0	0	0
FFQ	7	53	0	0	0	0	1	2	0	1096	0	2035	551	2	0	4	1142	1909	3118	1439	1419	0	963	337	4418	3	9567	8864	4144	8576	6222	28244	11502	48503	46378	3	429055	27443	1357020	0	0	0	0	0
FFQ	8	0	0	0	0	0	1	2	0	1392	0	2613	723	1	0	2	1324	1953	3371	1461	1469	1	1043	360	4719	1	9930	8898	5664	7150	6186	28372	11525	48627	46896	2	428671	27305	1354351	0	0	0	0	0
FFQ	9	0	0	0	0	0	2	4	3	1460	0	2629	681	0	0	2	1483	2037	3369	1669	1452	4	1061	346	4713	2	10339	3606	12707	5948	6285	28664	8761	42685	31802	25518	137148	106	243768	139998	1285761	0	0	0
FFQ	10	0	0	0	0	0	1	5	8	1343	2	2361	588	5	1	1	1416	2052	3184	1744	1408	11	1161	301	4616	11	10244	3735	14826	4362	6334	29630	8522	43255	32297	25719	138721	88	245216	142485	1278360	0	0	0
FFQ	11	0	0	0	0	0	5	13	12	1311	1	2277	599	15	2	5	1430	2014	3177	1634	1488	19	1175	352	4918	46	10527	3898	16550	2749	6389	30291	8367	43665	32705	26370	140379	112	247212	144058	1270248	0	0	0
FFQ	12	0	0	0	0	0	2	15	18	1711	14	2952	824	14	5	11	1646	2197	3385	1792	1588	31	1329	408	5117	117	10759	3961	17443	1647	6533	30775	8329	44595	33723	26036	141599	124	248746	145761	1260806	0	0	0
FFQ	13	115	0	0	0	0	4	23	26	1479	19	2275	616	19	6	17	1584	2191	3350	1835	1544	36	1275	400	5139	228	10888	4010	18218	1536	6690	31550	8136	45181	33879	26525	142173	103	250497	148562	1253884	0	0	0
FFQ	14	0	0	0	0	0	6	34	24	1593	64	2604	664	26	13	28	306	3093	3630	1906	1638	58	1443	415	3268	2501	11029	4211	17940	1371	6875	14874	24305	28251	40106	29323	26727	89721	73376	208226	137410	413632	853322	0
FFQ	15	1	0	0	0	0	12	34	29	1603	104	2483	581	40	15	18	398	3156	3419	1921	1682	50	1516	431	3404	2699	11160	4104	17663	1471	6992	15860	24627	28494	41385	29070	27659	89553	73787	210439	138600	414136	845417	0
FFQ	16	0	0	0	0	0	4	52	43	1689	143	2461	633	50	21	44	528	3097	3233	1881	1640	77	1664	462	3519	3102	11309	4324	17863	1604	7060	16544	24466	28119	41869	29054	29282	90150	74245	212364	138952	417935	834530	0
FFQ	17	0	0	0	0	0	5	78	50	1873	232	2657	609	54	33	59	669	3277	3156	1942	1784	104	1814	532	3813	3461	11222	4496	17788	1606	7263	17559	24698	28325	42860	29001	30716	89518	74710	214686	139653	419255	824455	0
FFQ	18	0	0	0	0	0	8	82	83	2199	320	2819	667	67	47	90	861	3520	3359	2050	1848	124	1887	556	4028	3757	11388	4654	17618	1818	7399	18615	25117	28055	43034	29630	32036	89445	76031	216183	141245	420452	812921	0
FFQ	19	47	0	0	0	0	15	130	117	2229	437	2684	601	78	62	86	1071	3249	929	4865	1896	163	2113	640	4202	4346	11362	4791	17715	1879	7582	20264	25580	28356	30264	44408	34253	77924	80601	195008	163862	427087	803117	0
FFQ	20	48	0	0	0	0	16	139	148	2283	513	2369	513	133	72	106	1337	3286	1051	4324	1859	170	2466	664	4414	4822	11469	5018	17136	1957	7567	21711	25859	27728	30510	44328	37085	78108	81820	197897	166635	426911	791541	0
FFQ	21	0	0	0	0	0	19	223	166	2396	699	2242	514	153	100	180	1583	3525	1038	3841	2019	230	2624	757	4604	5313	11608	5253	16820	2126	7811	23077	25970	27320	32011	44610	39464	78075	82222	202128	167708	427318	778266	0
FFQ	22	0	0	0	0	0	24	285	213	2765	926	2384	450	169	122	205	1955	3585	1073	3778	2082	266	3047	950	4834	6028	11623	5673	16563	2334	8108	25017	26525	26582	32860	44294	42360	77928	83001	206598	167833	428769	762804	0
FFQ	23	0	0	0	0	0	37	349	295	3091	1171	2217	447	229	163	253	2252	3789	1220	3682	2168	328	3336	1033	5040	6566	11729	5799	16072	2527	8245	26447	27445	26321	34377	43625	45213	77125	83678	209792	169039	428748	750165	0
FFQ	24	28	0	0	0	0	31	490	349	3022	1352	1874	360	264	216	343	2617	3841	1360	3306	2225	412	3720	1248	5145	7261	11958	6271	15766	2809	8512	27604	27519	25910	35997	43971	48699	77252	84941	213951	162981	424780	745628	0
FFQ	25	0	0	0	0	0	47	538	446	3391	1608	1771	364	330	279	421	3101	3854	1295	3230	2425	570	4201	1337	5174	7711	12001	6658	15267	3257	8981	29532	28824	25737	37810	44096	52500	76660	86094	218029	162521	427272	726681	0
FFQ	26	59	0	0	0	0	84	858	789	4980	2692	2192	398	434	348	503	3640	4057	1255	3134	2552	605	4537	1580	5382	8268	11844	7247	14955	3551	9140	30392	29429	25084	39587	43218	56270	76546	87378	221268	160862	430009	708886	0
FFQ	27	130	0	0	0	0	109	1104	994	5575	3385	2023	402	631	475	697	4351	4511	1448	3266	2655	788	5093	1944	5570	8775	12269	7793	14703	4083	9682	32229	30053	25037	41464	43118	60295	75620	89641	223733	161278	430897	688192	0
FFQ	28	95	0	0	0	0	143	1266	1247	5568	3342	1557	381	703	658	767	4908	4433	1423	2944	2791	998	5599	2099	5836	9248	12540	8324	14499	4669	9704	33738	31056	25497	43639	43141	64627	75802	91055	226466	160873	432311	670066	0
FFQ	29	0	0	0	0	0	156	1504	1450	5775	3755	1302	380	872	777	941	5064	4032	1267	3036	2849	1285	6110	2366	6000	9712	12192	8947	14141	5292	10040	34398	32640	25521	46023	43624	69152	75744	93705	229815	161006	433056	650084	0
FFQ	30	3	0	0	0	0	189	1757	1822	5762	4109	1028	353	937	910	1108	5452	3892	1235	3034	3094	1532	5795	2795	6831	9830	11840	9903	14027	6036	10326	34588	32982	25897	48434	43167	73065	75524	96059	230595	162210	433443	634449	0
FFQ	31	26	0	0	0	0	276	1985	2080	5786	4194	801	407	1108	1037	1263	5621	3646	1166	3174	3124	1713	6464	3077	7257	10371	11691	10546	13968	6757	11118	34746	34570	26549	50729	43918	76709	76006	96877	232832	162744	432535	617142	0
FFQ	32	26	0	0	0	0	330	2312	2368	6243	4475	690	486	1318	1222	1517	5955	3478	1046	3397	3314	1999	7064	3466	7667	10412	11385	11589	14126	7772	11650	35624	35824	27587	53841	44749	80933	76893	100118	234860	163669	426979	597629	0
FFQ	33	21	0	0	0	0	379	2727	2814	6323	4691	465	556	1483	1389	1755	6239	3312	1084	3538	3538	2322	7394	3871	7997	10910	11047	12710	14114	8778	12251	35530	36780	28716	56645	45789	85689	78257	102840	233699	165289	423960	579111	0
FFQ	34	142	0	0	0	0	421	3120	3244	6407	4757	372	651	1783	1650	2001	6223	3144	1066	3814	3712	2689	7964	4364	8860	10991	10898	14006	14211	10074	12964	36015	38715	30214	59843	47540	90271	79961	106489	236164	167298	416368	555607	0
FFQ	35	0	0	0	0	0	505	3628	3631	6393	4817	288	803	2037	1882	2330	6565	2963	1121	3988	4002	3108	8158	4905	9141	11768	10531	15548	14763	11714	13782	36440	40640	31921	63157	49502	95198	82714	109374	235615	170165	408551	532365	0
FFQ	36	0	0	0	0	0	596	4085	4114	6676	4824	286	929	2176	2108	2520	6278	2714	1169	4385	4108	3684	8580	5395	9796	12195	10070	16995	14999	13004	14837	36027	42558	33358	66136	52508	100440	84765	113019	234656	173169	402633	508221	0
FFQ	37	163	0	0	0	0	706	4408	4471	6738	4747	267	1041	2371	2356	2788	6222	2489	1344	4808	4414	4025	8918	5886	10081	12240	9332	18466	15079	14256	15714	35708	43903	35211	69414	54898	106624	87627	115775	232853	175936	395109	487625	0
FFQ	38	34	0	0	0	0	852	4870	5089	6824	4581	277	1227	2602	2571	3003	6129	2305	1368	5051	4576	4578	9607	6278	10937	12343	8829	19688	15565	15707	16845	35126	44833	36946	72687	58565	112415	91272	119652	228759	178505	386980	466537	0
FFQ	39	1	0	0	0	0	953	5198	5398	6672	4155	330	1378	2844	2697	3296	5899	2153	1524	5299	4569	5155	7729	6631	13553	12539	8206	21111	15825	17438	17679	35121	46402	38643	75438	62478	119842	94788	122009	222802	182582	377349	448327	0
FFQ	40	8	0	0	0	0	1094	5569	5884	6928	3991	368	1596	3045	3102	3539	5624	2074	1692	5842	4668	5554	8163	7084	14595	12936	7880	22813	16049	18801	19289	35183	48449	40761	79055	66437	127524	98628	125382	218646	182796	364516	428448	0
FFQ	41	0	0	0	0	0	1289	6058	6463	6968	3805	457	1765	3235	3241	3847	5564	1939	1831	6624	4941	6199	8606	7736	15619	12959	7718	24446	16128	20898	20403	34959	50379	43307	82386	71410	136028	103022	129096	213973	183759	350595	406360	0
FFQ	42	0	0	0	0	0	1498	6410	6946	7158	3528	531	2033	3355	3710	4037	5383	2024	1980	7193	4917	6897	8569	8272	16367	13143	7361	26218	16598	22455	22351	35921	52174	45077	86535	76728	145896	106902	131889	208705	185746	335489	384017	0
FFQ	43	0	0	0	0	0	1715	6835	7642	7379	3176	592	2203	3538	3893	4224	5420	1991	2153	7731	5174	7432	9096	8895	17426	13544	7257	27755	16909	23974	23645	36352	54265	47458	90111	82224	156159	111423	134698	203550	185930	321917	360327	0
FFQ	44	1	0	0	0	0	1900	7195	8308	7725	2947	758	2538	3792	4100	4438	5490	2073	2418	8529	5032	8065	9803	9511	18755	14080	7148	29671	17336	25524	25596	37146	56799	49897	95291	88616	166631	114570	137438	195732	186475	306475	336210	0
FFQ	45	0	0	0	0	0	1671	5612	6869	6399	2260	713	2543	3235	4106	3525	3948	1182	1991	6545	4134	11021	5876	8891	16984	12246	7845	27171	14804	24513	23119	35533	53345	47567	93515	88629	191481	112510	144649	168517	213448	295052	352564	0
FFQ	46	0	0	0	0	0	1872	5702	7056	6264	2001	766	2489	3250	3848	3478	3693	1138	2090	6769	4036	11090	5634	8513	17376	12004	7448	26961	14751	23610	23873	33778	52298	46235	93308	91288	216736	115502	148409	158608	203843	279961	358335	0
FFQ	47	49	0	0	0	0	2063	5863	7641	6435	1761	842	2660	3203	3921	3508	3696	1190	2248	7387	4031	11649	5646	8650	18453	11843	7419	27398	14805	24100	24769	33756	52718	46565	95040	95420	240320	119577	152229	148901	197168	261566	349523	0
FFQ	48	0	0	0	0	0	2243	6102	8095	6688	1528	973	2816	3370	4035	3600	3599	1178	2325	7639	3759	12431	5812	8800	19249	11961	7681	28418	14871	24450	26252	34617	54029	47904	98921	100460	263203	121899	154795	139549	194196	243818	332747	0
FFQ	49	2	0	0	0	0	2445	6045	8781	6738	1334	1049	3088	3513	4091	3661	3662	1169	2580	8396	3720	13462	5706	9224	16393	14484	6678	29458	17623	24929	27651	35709	55138	48966	104008	106937	285212	125933	157528	126352	194943	226733	310672	0
FFQ	50	0	0	0	0	0	2741	6314	9449	7058	1274	1200	3445	3576	4117	3732	3765	1246	2676	8866	3704	14517	5799	9575	17368	15244	6920	30258	18390	25482	29363	37353	57520	50221	108355	112950	308180	128739	158590	118864	189802	210910	286450	0
FFQ	51	0	0	0	0	0	3128	6331	10204	7109	1101	1419	3491	3645	4351	3695	3982	1197	2871	9456	3412	15874	5839	9838	17970	15904	7264	31183	19177	25649	31117	38904	58910	51460	113374	120196	330342	131623	159114	111490	185340	194652	263401	0
FFQ	52	100	0	0	0	0	3448	6439	10722	7107	937	1616	3816	3926	4380	3780	4157	1210	3290	10027	3292	17129	5878	10192	18944	16636	7438	31945	19842	25940	32478	39967	61777	52918	119222	126881	354134	133108	158286	104916	178953	179324	239858	0
FFQ	53	0	0	0	0	0	3749	6284	11261	7170	768	1798	4053	3966	4212	3622	4489	1248	3276	10892	3138	18388	5951	10502	20027	17361	7836	32581	20770	26002	34074	41836	63295	53981	125010	134240	377257	135498	156767	97795	172193	164220	218503	0
FFQ	54	0	0	0	0	0	4185	6240	11923	7252	623	1956	4281	4016	4169	3589	4561	1250	3553	11410	2861	19568	5859	10694	20517	18174	8194	33087	21574	26037	35576	43988	65545	55744	130008	141107	401471	136588	154757	90972	165671	149445	197568	0
FFQ	55	37	0	0	0	0	4658	6438	12949	7271	544	2204	4495	3365	4104	4336	5039	1056	4003	12046	2683	19791	7060	10982	21589	11855	15833	33552	22275	25939	36794	45539	67393	56874	136613	148185	424402	137356	150493	85295	156940	136272	177753	0
FFQ	56	2	0	0	0	0	4986	6223	13633	7433	467	2489	4644	3458	4065	4420	5392	1117	4186	12877	2535	21206	7294	11138	22754	12184	16845	34221	23191	25679	38719	46996	69884	58247	141965	154844	447155	136697	146859	77923	149280	123378	159627	0
FFQ	57	124	0	0	0	0	5548	6268	14601	7299	386	2715	4820	3594	4142	4510	5714	1080	4504	13530	2392	22729	7230	11139	23709	12305	17939	33992	24359	25292	39551	48273	72440	59388	147781	162555	469449	135503	142076	71718	141474	111016	142868	0
FFQ	58	0	0	0	0	0	5969	6116	15478	7397	331	3051	4953	3703	3950	4526	6317	1055	4859	14000	2227	24282	7356	11610	24621	12764	19414	34133	25833	25063	40706	50019	74556	60024	154047	168401	490491	134427	137651	65090	132166	100449	126978	0
FFQ	59	0	0	0	0	0	6962	6778	18217	8308	336	3606	5300	4003	4062	3523	6966	1144	5012	16652	2068	21328	5669	18610	17795	10272	18523	48073	27095	24458	42544	51735	76504	61565	158958	174203	508073	132597	131162	59075	121976	88781	112080	0
FFQ	60	12	0	0	0	0	6638	5381	16236	7057	179	3996	5365	3847	3861	2858	7343	931	4920	15816	1584	21537	5143	18707	17091	9961	18391	46573	27447	23511	41873	51363	76540	61689	161504	176383	545909	132066	127723	49972	121029	78066	105511	0
FFQ	61	127	0	0	0	0	7132	4984	16657	7026	137	4178	5077	3831	3290	2646	7570	924	5265	16553	1452	22274	4817	19268	17237	9736	19139	46675	28384	21883	42170	50946	76247	61537	162821	178678	577896	130735	124484	44189	111205	69292	97551	0
FFQ	62	125	0	0	0	0	7632	4956	17710	7069	111	4520	4995	3945	3062	2638	8287	924	5429	16857	1288	23029	4614	19646	17267	9481	19796	47025	29325	20816	42866	51340	77173	61146	164945	184017	603824	128389	118522	39421	102445	60938	88440	0
FFQ	63	12	0	0	0	0	8291	4798	18804	7109	75	4902	5238	3991	2970	2510	8789	885	5770	17978	1106	23821	4514	20596	17643	9754	21284	47600	30608	19721	43925	51678	78185	62184	167656	188258	624410	125912	111703	35534	93667	53425	78707	0
FFQ	64	31	0	0	0	0	8816	4500	19614	7018	69	5604	5080	4353	2793	2377	9386	855	6097	19073	1076	24972	4412	21195	18049	9718	22423	47740	31962	19313	44516	52492	80581	62695	171405	193705	640727	122793	105036	31642	85638	47070	69187	0
FFQ	65	0	0	0	0	0	9354	4404	20559	7044	53	5905	4916	4328	2601	2253	9451	1518	6456	13024	7438	26003	4083	14190	26244	9850	23643	44991	19939	17471	62472	53047	81918	62972	176570	197211	657299	119860	98574	28094	78302	41171	60805	0
FFQ	66	31	0	0	0	0	9946	4154	21141	7260	46	6440	4839	4507	2417	2131	9820	1593	6774	13409	7981	26852	3867	14480	26814	9760	24605	45192	20352	16616	63481	53184	83280	64005	178330	201897	673914	116770	92071	24918	71488	36677	52971	0
FFQ	67	18	0	0	0	0	10834	4038	22301	7203	27	6926	4735	4668	2342	1941	10709	1633	7022	14043	8286	27643	3650	15029	27908	9848	25921	44858	21093	15730	65466	53300	84899	64809	182217	205647	685768	113327	85635	22323	64481	31520	46215	0
FFQ	68	132	0	0	0	0	11409	3723	23064	7405	29	7383	4703	4875	2180	1872	11256	1616	7284	14197	9118	28459	3476	15330	28499	9959	27237	44886	21976	14888	67778	54051	86003	65151	185203	209740	695927	110168	79272	19582	58828	27471	39883	0
FFQ	69	99	0	0	0	0	12120	3481	24376	7537	19	8086	4594	4984	1966	1737	11891	1647	7572	14219	9563	29267	3354	15787	29248	9848	28104	44923	22774	13919	68452	53959	87915	66090	187771	212687	707357	106199	73824	17197	53207	23625	34615	0
FFQ	70	18	0	0	0	0	12518	3365	25072	7733	19	8562	4543	5155	1828	1637	12413	1626	7739	14850	10043	30074	3143	3949	19714	32281	29191	44530	23249	12917	70646	54341	89276	66440	190997	216751	714959	103265	68088	15261	48124	20378	29318	0
FFQ	71	54	0	0	0	0	13157	3100	25986	7792	22	9150	4388	5446	1653	1537	13310	1752	7865	14689	10643	31194	2822	3719	19909	33804	30454	44454	23602	12060	71658	54461	90406	67135	192312	220701	722385	100562	62492	13182	43924	17328	24905	0
FFQ	72	50	0	0	0	0	13848	2935	27113	7831	14	9609	4089	5444	1506	1403	13740	1702	8570	15278	11258	31742	2630	3533	20024	34352	31932	44331	24018	11216	73039	54824	91294	67906	194365	223673	729357	97254	57361	11500	39583	14449	21240	0
FFQ	73	69	0	0	0	0	14447	2675	27657	7926	17	10430	4065	5715	1330	1278	14434	1810	8611	15633	11889	32367	2506	3445	20584	36062	32619	43917	25248	10209	75241	54301	92505	68880	196313	226769	733126	93686	52882	9861	35426	12538	17542	0
FFQ	74	22	0	0	0	0	15255	2386	28843	8290	16	10766	3850	5953	1262	1134	15332	1922	8963	16233	12540	33169	2216	3310	20960	37005	34178	44102	25556	9517	76819	54910	94288	69039	198322	230130	733492	90619	48420	8555	31934	10206	14499	0
FFQ	75	55	0	0	0	0	15860	2263	29614	8406	12	11495	3586	5975	1142	1112	15869	1922	9334	15995	13258	33685	2046	3177	21054	37884	35029	17210	53449	8467	78327	55053	95816	70088	200766	233756	733656	88305	44604	7392	28233	8351	11767	0
FFQ	76	14	0	0	0	0	15417	1891	28008	9328	27	13679	3942	5611	1262	817	18308	1632	10697	15111	16018	39662	1996	3015	24631	46962	40933	19452	66603	10318	98522	67917	123043	94525	233192	290189	559204	67262	31992	6036	25053	6733	5011	0
FFQ	77	20	0	0	0	0	16680	1759	29420	8973	17	13182	3315	5702	926	830	17423	1779	10026	15173	14846	36402	1696	2557	22332	42758	37641	15892	60726	7965	88340	59681	110693	81669	230994	273261	647054	71464	33814	5214	22544	6129	5116	0
FFQ	78	30	0	0	0	0	16981	1587	29568	8863	20	13082	2909	5947	804	717	17399	1771	9905	15211	14906	35151	1480	2332	21468	41090	36354	13754	57164	6531	82934	54947	100240	73878	214004	249597	727725	77260	34120	4145	19708	4950	5481	0
FFQ	79	22	0	0	0	0	17336	1384	29551	8794	15	13325	2695	6118	692	661	17624	1725	9920	15256	14977	34769	1306	2308	21066	40940	36579	12245	57008	5548	80462	52694	96974	70691	206607	239735	763449	79948	32251	3483	17148	3617	5090	0
FFQ	80	12	0	0	0	0	17946	1299	30687	8944	16	13642	2518	6406	600	631	17843	1883	10162	15557	15251	34465	1167	2307	21329	40682	37070	11076	57364	5118	80651	52165	95668	69125	204623	236356	777061	80118	29709	2870	14873	2734	4085	0
FFQ	81	116	0	0	0	0	18860	1108	31400	9306	18	14142	2398	6259	524	561	18365	1973	10252	16159	15931	34683	1074	2178	21583	41386	37710	10404	58078	4420	81132	52101	95707	69473	203288	236648	780616	79068	27005	2280	12682	2011	3114	0
FFQ	82	29	0	0	0	0	19560	1043	32370	9528	18	14875	2265	6734	480	524	18782	1927	10420	16193	16230	35103	1003	2162	21816	42009	38606	9564	59181	4013	81888	52222	96434	69960	204063	236914	779973	77512	24198	1859	10821	1519	2215	0
FFQ	83	399	0	0	0	0	20545	947	34312	9854	23	15422	1975	6842	397	442	19485	1975	10891	16684	16986	35509	910	2242	21899	42871	39400	8821	59841	3637	83710	52398	97199	70238	204088	238700	775321	75279	21538	1556	8981	1111	1585	0
FFQ	84	78	0	0	0	0	20737	851	34307	10395	20	16225	1871	6799	388	356	19881	2007	11196	16761	17706	36006	846	2119	22304	43611	40519	8067	61195	3200	84507	52467	97507	71045	205325	241138	771567	73395	19037	1185	7451	794	1150	0
FFQ	85	84	0	0	0	0	21788	758	35910	10457	25	16644	1764	7069	306	356	20681	2097	11223	17058	18421	36355	750	2107	22651	44521	41695	7409	62309	2869	85498	52485	98255	71534	204808	242570	766926	71673	16660	959	6026	521	791	0
FFQ	86	69	0	0	0	0	22405	670	35745	10444	33	17419	1648	7343	275	315	21191	2053	11606	17452	19155	36978	653	2077	22998	45280	42286	6912	63205	2573	86523	53033	99513	72296	205437	243911	761372	70171	14633	738	4748	351	502	0
FFQ	87	44	0	0	0	0	22661	573	37002	10718	35	17739	1468	7368	245	288	21511	2156	11954	17680	19350	37091	588	2039	23255	45866	43010	6140	64164	2280	87389	53128	99676	73318	205409	245956	758454	67930	12734	526	3726	219	323	0
FFQ	88	146	0	0	0	0	23497	513	38168	11029	22	18401	1374	7283	198	252	21774	2146	12299	17914	19806	37336	561	2097	23462	46433	43841	5699	64721	2037	88296	53185	101365	73360	206287	246839	752361	66561	11239	401	2779	134	197	0
FFQ	89	147	0	0	0	0	24509	449	39291	11174	27	18928	1317	7726	177	210	22790	2178	12216	18552	20593	38036	430	2068	24162	47416	45083	5280	65768	1895	89330	53477	102159	73468	206632	248430	743690	64324	9627	295	1989	76	94	0
FFQ	90	25	0	0	0	0	24838	406	39946	11607	21	19528	1173	7807	135	180	23349	2317	12725	18697	21194	38153	397	2064	24034	47453	45567	4831	66998	1694	90720	53886	102458	74233	206409	249988	738705	62551	8174	202	1450	46	52	0
FFQ	91	241	0	0	0	0	25562	379	41122	11955	34	19797	1052	8145	139	185	23677	2241	12927	19081	21589	38800	340	2048	24523	48230	46364	4332	68066	1535	91124	53911	103473	75083	207453	250296	730744	61485	6839	135	1055	21	30	0
FFQ	92	134	0	0	0	0	26671	338	42319	12334	29	20771	1082	8009	105	158	24093	2364	13014	19694	22359	39450	313	2107	25014	49814	47593	4103	68435	1295	92001	54181	104416	76029	206229	250745	722579	59744	5656	95	722	7	11	0
FFQ	93	299	0	0	0	0	27294	264	43465	12715	28	21285	924	8383	99	127	24620	2488	13406	19858	23057	39834	262	2113	25425	50423	48746	3867	69931	1135	93277	54731	105440	76451	206002	252683	712336	57812	4711	65	452	0	5	0
FFQ	94	90	0	0	0	0	28407	243	44975	12945	26	21945	878	8453	59	104	25062	2511	13838	20213	23610	40778	225	2136	25737	50843	49603	3629	70815	1012	94689	54896	106363	77354	206457	253750	702233	56038	3763	44	289	0	0	0
FFQ	95	349	0	0	0	0	29162	205	46397	13346	49	22452	810	106	8660	117	25865	2502	13982	20897	24243	41018	190	2174	26247	51590	50563	3263	71909	939	95968	55584	107090	78274	205648	254647	692382	54084	3110	20	171	0	0	0
FFQ	96	193	0	0	0	0	29823	191	47296	13494	34	23247	724	107	8701	103	26289	2578	14278	21035	25156	41677	142	2196	26724	51726	51463	2955	72869	832	96934	56099	107503	78020	206132	255697	683957	53214	2532	12	80	0	0	0
FFQ	97	308	0	0	0	0	30558	152	48321	13840	48	23597	634	75	8797	77	26649	2620	14657	21298	25588	42332	129	2222	26679	52921	52011	2741	73779	738	97420	55960	108982	78279	205847	255826	676506	52330	2039	8	45	0	0	0
FFQ	98	28	0	0	0	0	31748	138	49775	14394	40	24603	598	80	9252	86	27411	2645	14917	21916	25927	42070	123	2177	27125	53864	52783	2454	74689	666	98699	56513	109703	79878	204918	256688	665879	50558	1634	6	28	0	0	0
FFQ	99	107	0	0	0	0	31935	125	50385	14619	39	25179	525	73	9175	58	28168	2707	15119	22082	26363	42446	90	2155	28047	54223	53523	2259	74971	612	99462	57170	110257	79560	204619	258517	658272	49740	1423	1	7	0	0	0
FFQ	100	5	0	0	0	0	39482	118	61518	17015	48	30115	633	80	11871	69	32342	3525	17992	27922	31843	49969	92	2964	33210	62676	65350	2349	85999	638	113685	64686	123803	88747	203087	273113	521607	36600	860	0	0	0	0	0
# Last Fragment Qualities. Use `grep ^LFQ | cut -f 2-` to extract this part.
# Columns correspond to qualities and rows to cycles. First column is the cycle number.
LFQ	1	2554	0	0	0	0	0	0	12943	0	0	14428	0	4619	0	0	2592	19663	0	2140	28	2672	0	8538	14187	2316	18359	44688	42611	51158	3147	144812	705572	0	124944	785992	0	0	0	0	0	0	0	0
LFQ	2	1548	0	0	0	0	0	0	13369	0	0	14135	0	4482	0	0	3313	21363	0	2106	29	2804	0	9410	13471	2271	17719	42877	50939	46869	3141	126998	646059	0	66040	919020	0	0	0	0	0	0	0	0
LFQ	3	1331	0	0	0	0	0	0	14160	0	0	14609	0	4115	0	0	3115	21843	0	2149	17	2825	0	10299	13270	2230	17680	42129	53609	47822	3073	125786	622885	0	56940	948076	0	0	0	0	0	0	0	0
LFQ	4	1769	0	0	0	0	0	0	13605	0	0	13919	0	4156	0	0	0	8910	8371	2176	6751	2923	0	7169	2938	2209	12373	18213	11091	26981	1431	41513	5390	66356	73334	0	471168	0	1205217	0	0	0	0	0
LFQ	5	1781	0	0	0	0	0	0	13897	0	0	13753	0	4178	0	0	0	9301	8242	2167	6432	2920	0	7295	2894	2228	12520	18578	11263	26694	1468	41519	5122	65486	73243	0	475076	0	1201906	0	0	0	0	0
LFQ	6	210	0	0	0	0	0	64	7500	10203	0	6984	1822	1922	2497	477	4920	3507	11108	3675	3409	1163	2258	4058	9366	1746	13734	12872	12882	17607	9945	38638	20318	72573	51396	1	446867	27167	1207074	0	0	0	0	0
LFQ	7	89	0	0	0	0	51	44	7368	10863	0	7199	1868	1906	2428	417	4681	3763	10914	3690	3202	1217	2167	3972	9368	1850	14002	12977	14141	16075	9906	38898	20323	72757	51551	2	445453	27090	1207731	0	0	0	0	0
LFQ	8	258	0	0	0	0	86	44	7552	10888	0	7344	1910	1881	2480	435	4753	3682	9845	3678	3328	1195	2379	3987	9720	1870	14260	13168	16371	14315	10370	39401	19742	72677	51649	0	445390	27117	1206188	0	0	0	0	0
LFQ	9	104	0	0	0	0	111	59	7594	11075	1	7395	1947	1809	2512	489	4748	3696	9671	3768	3347	1275	2292	3978	9430	1959	14507	6343	24818	12566	10205	39267	16091	56931	38347	33652	149651	145	247620	130867	1149693	0	0	0
LFQ	10	78	0	0	0	0	157	102	7790	11664	7	8537	2434	1915	2555	511	4908	3866	9991	3965	3627	1200	2317	4070	9579	1857	14599	6373	26860	10294	10294	40269	15555	57134	38087	33433	149826	133	247246	132256	1144474	0	0	0
LFQ	11	30	0	0	0	0	152	125	7531	11114	21	7378	2027	1945	2578	458	5165	3692	9823	3848	3611	1189	2538	4183	9577	1915	14579	6531	29105	8487	10561	40427	15496	58137	38640	33627	151361	150	247208	133451	1141303	0	0	0
LFQ	12	310	0	0	0	0	163	199	7639	11209	51	7504	1968	1897	2743	497	4825	3781	9871	3827	3679	1188	2494	4052	9699	1975	14823	6411	30309	7146	10588	41531	14908	57678	39106	33533	151475	151	249955	134454	1136324	0	0	0
LFQ	13	251	0	0	0	0	172	209	7629	11679	124	7666	2187	1959	2705	489	4971	3855	9575	4021	3757	1254	2691	4148	9935	2160	15102	6466	30174	7183	10619	41912	14222	58124	38994	33247	152664	140	250477	136752	1130450	0	0	0
LFQ	14	569	0	0	0	0	208	269	7943	11957	223	7595	2022	1923	2614	532	1305	6140	11090	3985	3922	1241	2705	4136	7194	5104	15212	6642	30296	6996	10813	24071	31385	41072	45601	35915	28155	98286	74037	205614	134795	389472	746924	0
LFQ	15	249	0	0	0	0	235	319	8137	12418	317	7705	2111	1955	2788	557	1558	6474	11126	4010	4039	1221	2775	4000	7184	5398	15458	6685	29729	7222	10839	24926	31148	41293	46584	35850	29481	98426	75087	206945	135315	388820	739579	0
LFQ	16	359	0	0	0	0	257	372	8290	12590	473	7575	1995	1983	2806	577	1702	6635	10723	4044	4151	1199	2923	4033	7430	5664	15741	6706	29191	7266	10536	25921	31680	41123	46681	35796	30658	97914	75923	208041	136990	388765	733250	0
LFQ	17	213	0	0	0	0	271	541	8226	12649	639	7499	1918	1981	2824	598	2076	6822	10456	4099	4104	1235	3149	3997	7530	6255	15915	6960	29112	7442	10670	27094	31211	40420	47336	35399	32239	97333	76240	209757	136717	390768	726268	0
LFQ	18	631	0	0	0	0	274	652	8201	13461	989	7272	1833	1970	2784	597	2417	7108	9774	4274	4376	1353	3306	3972	7526	6617	16004	7263	28264	7504	10921	28350	31342	40688	47953	35007	34035	96352	76931	211295	138321	390699	717647	0
LFQ	19	323	0	0	0	0	299	744	8310	13578	1223	7084	1671	2087	2921	609	2802	6680	3688	10798	4404	1313	3537	4066	8019	7072	15944	7784	27343	7899	11024	29616	31134	39630	33924	49710	36290	81825	83778	188412	160829	397152	714441	0
LFQ	20	377	0	0	0	0	350	921	8458	13969	1625	6634	1487	2144	2934	685	3128	6930	3750	9757	4360	1412	3750	4033	8037	7731	16288	7737	26544	8052	11054	31541	31401	38756	34831	49270	38652	80782	84853	191316	162203	395957	706254	0
LFQ	21	897	0	0	0	0	379	1061	8496	14570	2095	6479	1462	2110	2903	730	3832	7458	3865	9110	4601	1514	4140	4061	8216	8593	16688	8137	25417	8355	10996	32604	31274	38137	35981	49022	41652	80491	84573	193674	162682	395484	696224	0
LFQ	22	380	0	0	0	0	411	1274	8834	14840	2489	6025	1317	2320	3082	755	4393	7800	4234	8552	4661	1705	4547	4118	8446	9077	17123	8346	24924	8784	11379	34524	31269	37859	36950	47885	44535	79738	84801	196595	162645	395619	685727	0
LFQ	23	516	0	0	0	0	438	1494	8774	15202	3155	5511	1121	2446	3076	896	5070	8065	4127	7792	4715	1847	4952	4447	8324	9784	17290	8664	23762	9087	11476	36465	31770	36791	37904	47722	47867	79166	85363	200489	162956	395165	674274	0
LFQ	24	266	0	0	0	0	473	1772	8996	15554	3621	4832	986	2599	3225	1028	5580	8146	4048	7153	4678	1908	5494	4428	8458	10353	17583	9041	22932	9583	11722	37964	31940	36088	39560	47364	51801	78191	85963	202548	158301	392704	671080	0
LFQ	25	171	0	0	0	0	545	2103	9255	16190	4256	4297	924	2566	3447	1091	6508	8694	3735	6760	4827	2109	5846	4630	8616	11099	18147	9527	22346	10107	12036	39678	32306	35014	41380	46091	55460	77781	86498	206495	157613	393362	656453	0
LFQ	26	70	0	0	0	0	596	2517	8807	16156	5269	3995	801	2827	3562	1298	6995	8386	3463	6466	5012	2368	6536	4918	8838	11838	18425	10089	21399	11152	12342	41454	32856	34725	43036	45716	59792	77033	87584	209421	155875	396857	639489	0
LFQ	27	59	0	0	0	0	667	2904	8822	16298	5754	3426	735	2981	3479	1451	7710	8413	3173	6216	4963	2561	6953	5355	8986	12278	18376	10815	20881	11855	12553	42940	33513	35073	45279	45244	63530	76123	88955	210712	155113	397915	625902	0
LFQ	28	144	0	0	0	0	726	3350	8913	16674	6461	2883	746	2992	3692	1686	8472	8252	2967	6176	5124	2862	7540	5744	9224	12805	18300	11767	20023	12717	13249	43420	34210	35518	47894	44601	68294	74790	90132	212337	154737	397994	610547	0
LFQ	29	35	0	0	0	0	798	3750	9181	16689	6868	2372	812	3211	3879	1847	8995	8112	2684	6136	5302	3169	8185	6056	9361	13489	18134	12401	19949	13574	13594	44828	35109	35421	49851	44652	71902	75006	92001	215054	154288	397821	593447	0
LFQ	30	18	0	0	0	0	869	4316	9537	16803	7106	1933	857	3476	4131	2147	9432	7602	2425	6310	5268	3424	8003	6387	10179	13790	17904	13147	19547	14331	14096	45377	35451	35945	52447	44497	76066	74492	93708	216534	155330	396216	578862	0
LFQ	31	257	0	0	0	0	944	5158	9796	17044	7634	1491	912	3613	4431	2444	9847	7020	2216	6316	5450	3755	8468	6953	10648	14055	17345	14358	19535	15192	14720	45456	36491	36113	54688	44414	80256	74242	95739	217320	155140	395928	562574	0
LFQ	32	144	0	0	0	0	1087	5566	10113	16948	7596	1161	1054	3954	4723	2660	10148	6764	2018	6475	5457	4209	9147	7302	10791	14616	16451	15501	19325	16349	15154	45167	37475	36837	57602	44137	84462	74274	97694	217486	156377	392018	549721	0
LFQ	33	679	0	0	0	0	1138	6124	10625	16898	7755	918	1172	4073	4973	3047	10104	6277	1835	6854	5709	4622	9749	7770	11403	14688	16201	16267	19304	17668	16152	44911	38527	37792	59822	45518	88347	74838	100108	217646	157327	387684	533438	0
LFQ	34	747	0	0	0	0	1329	6843	10850	16869	8032	762	1400	4412	5302	3394	10294	5804	1874	6918	5777	5003	10251	8404	11672	15089	15595	17720	19400	18969	16773	43953	39669	38721	62232	46503	93109	76489	102731	216093	158396	383646	516938	0
LFQ	35	102	0	0	0	0	1506	7604	11801	16707	7799	680	1579	4807	5602	3717	10587	5420	1761	7190	5863	5707	10348	8928	11946	15904	14951	19593	19371	20513	17495	43848	40703	39769	65092	48486	97663	77751	105693	215648	160406	375995	499428	0
LFQ	36	809	0	0	0	0	1646	8412	12021	16719	7668	631	1816	5143	5899	4066	10261	5101	1973	7477	6161	6169	10871	9483	12548	16158	14065	20893	19507	21923	18205	43147	42310	41378	68068	50797	102608	79601	108778	212784	162941	368786	481140	0
LFQ	37	701	0	0	0	0	1801	9216	12383	16610	7338	670	2080	5458	6449	4346	10008	4633	1977	7773	6187	6704	11132	10024	12955	16343	13171	22543	19450	23300	19259	42211	43630	43213	70082	52888	107495	82227	111643	210467	165850	361954	463792	0
LFQ	38	826	0	0	0	0	2028	9901	13063	16838	7230	634	2328	5692	6931	4589	9940	4152	1981	8328	6250	7320	11895	10575	13615	16820	12665	24176	19782	24783	20386	41385	44870	44625	72889	56259	113324	85289	113916	207789	166865	352792	445232	0
LFQ	39	995	0	0	0	0	2225	10463	13757	16970	6745	767	2615	5827	7271	4932	9247	4000	2219	8853	6264	7898	10496	10976	16436	16843	11966	25889	19704	26790	21717	40771	46352	45622	76245	59358	119354	88332	117151	202936	171643	342346	425988	0
LFQ	40	365	0	0	0	0	2495	11026	14387	17061	6297	803	2991	6238	7641	5192	9344	3721	2410	9296	6516	8693	10849	11576	17672	17082	11489	27724	19911	28780	22701	40685	48342	47867	79407	63461	126779	91589	120444	198646	172847	331874	403762	0
LFQ	41	392	0	0	0	0	2775	11690	14917	16903	5745	933	3310	6300	7959	5436	9014	3487	2504	9705	6630	9335	11199	12119	18333	17128	10839	29235	20099	30341	24377	40218	49868	49903	82319	68195	134205	95414	123989	193053	175805	320448	383841	0
LFQ	42	287	0	0	0	0	3084	12203	15523	17223	5459	1057	3770	6701	8204	5751	8479	3425	2670	10604	6592	10203	11460	12686	19273	17614	10636	31066	20266	31615	25485	39865	51351	51385	85025	72891	144278	99114	126641	188775	175720	307965	363617	0
LFQ	43	180	0	0	0	0	3375	12713	16097	17421	4862	1196	4096	6865	8505	6061	8141	3188	2945	11325	6610	10965	11938	13236	20191	17681	10168	32812	19904	33424	27360	40450	53387	53068	88406	78031	153947	102575	129399	181870	176427	296160	342984	0
LFQ	44	213	0	0	0	0	3728	13328	16925	17402	4426	1274	4511	7096	8934	6102	7819	3304	3117	12331	6548	11428	12120	13728	21230	17839	10128	34666	20389	34289	28905	40447	55153	54657	92411	83822	164263	106049	132486	176037	176189	281977	322692	0
LFQ	45	173	0	0	0	0	4054	13602	17492	17566	3961	1509	4991	7119	9319	6152	6837	2480	3275	11558	6272	16710	9595	13799	22828	17928	11588	36745	20287	36108	30465	40971	57546	56257	95691	89723	176822	109932	133811	169069	175671	267100	302957	0
LFQ	46	369	0	0	0	0	4479	14151	18760	17679	3608	1679	5435	6908	9371	6354	6653	2420	3546	12484	6112	17935	9815	14243	24242	18083	11754	38391	20481	36677	32609	42213	59634	57722	99342	95968	188956	113598	135253	162657	173633	253198	281551	0
LFQ	47	159	0	0	0	0	5100	14612	19783	17983	3236	1905	5992	7194	9626	6597	6414	2388	3790	13375	6057	19590	9866	14654	25731	18652	12058	40158	20909	38102	34686	43238	61618	59820	104013	101904	201550	116867	135959	155409	171774	236862	260332	0
LFQ	48	319	0	0	0	0	5544	14830	20737	18026	2870	2170	6574	7081	9728	6567	6591	2390	4076	13982	5987	21060	10308	15202	27052	18921	12350	42073	20558	38888	36251	44216	63742	61066	108561	109078	215160	119657	136952	146894	169753	221511	241238	0
LFQ	49	45	0	0	0	0	6037	14947	21634	17749	2475	2494	6959	7275	9970	6567	6672	2311	4444	14977	5722	22741	10078	15777	24005	22110	11143	42780	24027	39866	38447	46327	65868	62575	113771	115604	229402	122983	136898	134329	170446	206546	221962	0
LFQ	50	171	0	0	0	0	6663	15261	23183	18182	2147	2778	7360	7295	9947	6613	6793	2299	4664	15878	5558	24104	10029	16360	25139	22656	11840	44709	25091	39967	40235	47967	68340	64087	118532	122731	243581	124562	136469	126783	165538	191851	202600	0
LFQ	51	60	0	0	0	0	7258	14477	23293	17583	1763	3471	8941	7951	11454	6273	7502	2194	4998	17296	4958	29346	10863	19044	28555	27968	14214	52654	28413	50552	48141	63175	89572	83309	147482	159535	199145	131616	128344	132110	194930	151658	77865	0
LFQ	52	41	0	0	0	0	7951	14998	24912	17660	1541	3602	8690	7550	10281	6112	7500	2078	5445	17652	4972	28897	10305	17988	28079	25901	12838	49995	28108	44564	46666	56774	82505	76648	145812	155092	234985	132928	123288	121372	187807	164213	92213	0
LFQ	53	140	0	0	0	0	8842	15153	26524	17489	1319	3916	8952	7450	10034	6281	7709	2137	5628	18401	4648	29897	10226	17522	28968	25872	12885	49304	27813	41332	46370	54838	78175	72582	141415	150170	273399	130351	126301	108103	161215	156657	119945	0
LFQ	54	127	0	0	0	0	9371	14897	27873	17226	1128	4202	9290	7489	9581	6048	8228	2197	6010	19196	4318	31787	10174	17519	29439	26400	13250	48862	28442	40630	46974	54949	77777	70517	141574	152285	301393	128099	127266	96752	146341	139511	130841	0
LFQ	55	334	0	0	0	0	10212	14543	28875	17013	864	4648	9484	6613	9408	7101	8807	1955	6685	20150	4027	31323	12154	17241	30755	18703	22524	48353	29221	39652	48487	56538	79409	70037	144738	157164	322275	126883	124079	88406	136655	125811	126836	0
LFQ	56	646	0	0	0	0	11329	14395	30639	16806	777	5254	10027	6650	8990	7147	9438	1861	7130	21003	3755	33636	12116	17337	32416	18974	23813	49139	30497	39037	49805	57975	81164	70190	149780	163086	337418	125741	121483	80840	127194	113517	116958	0
LFQ	57	218	0	0	0	0	12221	14146	32367	16750	605	5792	10206	6908	8692	7342	10136	1811	7916	21793	3343	35161	12283	17569	33655	19339	25428	48822	31631	38436	51743	59593	83428	71571	154874	170314	351831	123638	117521	73778	119228	101724	106150	0
LFQ	58	133	0	0	0	0	13327	13882	33881	16256	473	6460	10576	6924	8443	7015	10925	1716	8305	23162	3136	37563	12224	18272	34881	19828	27066	49074	33208	37377	53361	61336	85755	72023	160006	176632	365991	121376	112916	66975	111161	91032	95292	0
LFQ	59	138	0	0	0	0	11738	11015	30088	14703	353	6709	10174	5939	7499	4259	10788	1454	7447	22121	2337	31292	8829	24437	23656	15008	22189	61195	31770	34699	49931	58459	82304	70152	162143	177292	421385	122407	114419	54907	117566	82636	94525	0
LFQ	60	7	0	0	0	0	12422	10335	30962	13843	256	7021	9666	5879	7133	4307	10818	1408	7559	21972	2088	29930	8254	23617	22840	14261	22210	59526	31801	32008	48404	56198	79746	66659	162602	177061	468180	121594	114097	49048	108948	74165	91138	0
LFQ	61	0	0	0	0	0	13146	9882	31969	13513	176	7285	9476	5846	6378	4042	11305	1345	7881	22654	1820	30547	8037	24337	23045	14084	23131	58926	32231	30483	48222	55970	79322	65466	163188	178805	500511	119856	111049	44208	99768	65558	84501	0
LFQ	62	44	0	0	0	0	13722	9446	33538	13228	154	7802	9374	5837	6181	3803	11873	1326	8109	23625	1697	31700	7740	24875	23552	13619	24593	58905	33147	29541	48572	56185	80467	65745	166240	181033	523830	117507	105452	39066	92332	57667	76436	0
LFQ	63	164	0	0	0	0	15138	9445	36237	13679	130	8746	9415	6198	5925	3726	12771	1291	8689	24713	1595	32772	7742	25346	24168	13520	25420	58948	34694	28155	49576	56738	81563	66042	169625	185660	538358	115055	99287	34959	84406	50572	67495	0
LFQ	64	194	0	0	0	0	15580	8861	36436	13241	87	9554	9432	6270	5584	3509	13485	1240	9197	25283	1406	34013	7394	26374	24832	13777	27003	59454	35761	27155	49968	57534	83001	66419	173727	190218	554149	111606	93472	31426	76889	44915	59517	0
LFQ	65	124	0	0	0	0	16530	8259	37671	13213	62	10271	9187	6465	5175	3425	13208	2075	9460	19124	8583	35239	7213	17487	34814	13475	28364	57129	23321	25052	69353	57992	84846	67273	177689	195271	564653	108601	87242	28027	70387	39714	51989	0
LFQ	66	164	0	0	0	0	17450	7786	38960	12980	38	10945	8924	6509	4791	3142	14169	2097	10074	19511	8892	36269	6944	17855	35693	13460	29726	56725	23903	23816	71169	58558	86170	67574	181155	200815	575516	105663	81445	24731	63831	34679	45834	0
LFQ	67	25	0	0	0	0	18392	7378	40066	12951	39	11776	8907	6738	4330	3010	15092	2073	10279	19756	9442	37406	6607	18180	36999	13369	30957	56662	24262	22581	72749	58837	87947	68544	184977	205856	584174	101722	75666	21991	58244	30206	39773	0
LFQ	68	137	0	0	0	0	19476	6966	41114	12960	28	12430	8470	6991	4007	2897	15714	2229	10719	19956	10134	38122	6222	18647	38441	13340	32087	56879	25186	21636	74226	58785	89457	68431	188646	208680	592993	98658	70182	19269	53169	26419	34260	0
LFQ	69	70	0	0	0	0	18852	5848	38776	12350	33	12854	7791	6290	3541	2448	15945	1844	10549	18316	10018	37247	5841	17653	38266	12451	31476	53952	24035	19588	72921	56585	87294	68495	187073	206104	634769	99618	67123	15077	52223	22197	32450	0
LFQ	70	177	0	0	0	0	20024	5382	40448	12466	25	13340	7591	6447	3185	2424	16305	1855	11062	18523	10284	37466	5557	5350	25626	36602	31941	52329	24654	17855	72159	55410	85663	66445	185253	203473	662580	97880	63559	12961	47556	18660	29446	0
LFQ	71	152	0	0	0	0	20853	5101	42108	12617	26	14400	7312	6515	2882	2280	17076	1937	11436	18690	10863	38049	5352	5100	25952	37481	33317	51641	25078	16765	72973	54655	84829	65831	183544	204928	677613	95854	58966	11265	43085	15684	25753	0
LFQ	72	244	0	0	0	0	21529	4519	42990	12581	27	15465	6997	6784	2642	1998	17803	1954	11707	18962	11512	39049	5031	4819	26538	38421	34349	50622	26005	15577	73847	54680	85660	66329	183872	206288	687554	92996	54510	9625	39225	13242	22010	0
LFQ	73	434	0	0	0	0	22219	4312	44715	12736	18	16308	6502	6894	2410	1975	18166	1991	12020	19150	12184	38892	4752	4694	26793	39157	35590	50214	26380	14538	75173	54625	86704	66761	185897	208174	693667	89732	50578	8568	35364	11168	18508	0
LFQ	74	258	0	0	0	0	23067	3899	45643	12902	28	17409	6542	6971	2167	1856	19079	2015	12646	19399	13022	39814	4488	4409	27717	40320	37058	49803	26839	13554	76407	54834	87195	67307	186239	210990	696830	87105	46692	7213	31418	9329	15499	0
LFQ	75	859	0	0	0	0	24095	3474	46765	13097	25	18370	6122	7146	1962	1755	19948	1964	13000	19644	13526	40182	4284	4150	27891	41282	38244	25046	51879	12818	78230	54610	88195	67765	186975	213585	698843	84660	43051	6017	28193	7446	12865	0
LFQ	76	1566	0	0	0	0	24869	3196	47753	13169	28	18990	5611	7408	1784	1688	20528	2026	13094	19923	14351	40922	4174	3917	28237	42307	38907	23747	53604	11711	79674	54974	88891	67738	189696	215286	699578	81988	39961	5211	24805	5977	10674	0
LFQ	77	1340	0	0	0	0	25950	2922	48867	13481	26	19935	5460	7399	1565	1567	21092	2098	13643	20297	14790	41677	3978	3858	28446	42909	40451	22685	54616	10860	80665	55155	90229	68576	189789	218471	699669	79620	36400	4302	21777	4878	8520	0
LFQ	78	74	0	0	0	0	26236	2585	49551	13755	31	21696	5562	7571	1433	1448	21672	2163	13962	20473	15555	41846	3832	3647	28772	43797	41142	21667	56225	10039	81695	54784	90330	69431	191585	220553	700463	77478	33500	3580	19008	4038	6784	0
LFQ	79	356	0	0	0	0	27365	2389	50515	13822	20	21952	4769	7729	1229	1345	22197	2148	14329	20570	16135	42559	3672	3475	29030	44780	41502	20421	57398	9257	82875	54943	91233	69786	192913	221988	701629	74820	30884	3020	16215	3295	5398	0
LFQ	80	652	0	0	0	0	28619	2230	52029	13928	28	22439	4424	8007	1122	1389	23162	2208	14497	20969	16955	43015	3569	3350	29931	45192	43194	19322	58658	8578	83842	54933	92159	70273	193436	223439	698547	72849	27735	2480	14185	2435	4183	0
LFQ	81	1074	0	0	0	0	29076	1921	52790	14296	33	23208	4068	8016	986	1320	23530	2179	14887	21082	17511	42964	3410	3141	30400	46182	43859	18407	59821	7914	85129	54924	93225	70487	194269	225797	696304	71501	25117	2001	12220	1857	3057	0
LFQ	82	1114	0	0	0	0	30184	1746	54341	14452	29	24009	3946	8218	896	1185	24551	2293	15448	21705	18237	43436	3290	3161	30530	46962	45074	17316	60745	7377	85843	55114	93957	70690	195484	226280	692255	70149	22344	1632	10316	1367	2287	0
LFQ	83	760	0	0	0	0	31027	1549	55485	14896	24	25039	3551	8172	786	1164	25486	2353	15554	21649	18958	44158	3128	3154	30759	47988	46030	16709	62544	6941	86815	54244	95145	71581	194399	228007	689539	67695	20067	1305	8624	1039	1639	0
LFQ	84	525	0	0	0	0	31628	1392	56530	15449	40	25857	3353	8268	654	1064	25684	2234	15905	21761	19505	44127	3146	3020	31198	49082	47174	15723	63533	6442	87998	55225	96056	71953	195077	230550	683838	66279	17517	1037	7211	745	1183	0
LFQ	85	437	0	0	0	0	32877	1255	57854	15512	44	26432	3088	8636	559	1132	26127	2391	15903	22724	19921	44676	2946	2854	31938	49600	47999	14997	64280	5936	89740	55238	96817	72905	196476	231539	677289	64402	15424	836	5896	499	784	0
LFQ	86	429	0	0	0	0	33810	1095	59723	16005	32	27687	2855	8760	483	1016	27108	2451	16665	23387	21162	45713	2813	2853	32323	50264	49184	14330	66336	5518	91091	54805	97497	73496	195191	233670	668598	61783	13677	638	4699	299	517	0
LFQ	87	25	0	0	0	0	34385	977	60115	16328	48	28745	2677	8849	445	939	27563	2410	17179	23107	21851	45928	2861	2690	33174	51289	50537	13663	67337	5172	92297	55647	98569	74236	195449	234702	662392	59761	12088	470	3574	177	307	0
LFQ	88	281	0	0	0	0	35431	862	61137	16311	39	28807	2376	9018	368	923	27699	2518	17038	23643	22080	45983	2703	2820	33004	51487	50971	13043	67929	4904	92402	55840	99548	75079	197145	236230	658496	58012	10445	341	2748	125	177	0
LFQ	89	87	0	0	0	0	36772	774	62516	16899	41	30001	2227	9202	307	932	28986	2544	17714	24127	22909	46761	2656	2618	33507	52373	51992	12461	68860	4579	93358	56033	100517	74747	195548	236387	652241	55979	8823	252	2055	68	110	0
LFQ	90	644	0	0	0	0	37290	659	63213	17072	41	30134	1833	9261	245	905	29150	2584	17888	24120	23337	47109	2585	2715	33546	53189	52998	12035	69378	4290	94221	56106	100502	75650	196097	237527	647386	54787	7712	180	1493	31	50	0
LFQ	91	90	0	0	0	0	37967	570	63891	17575	33	31597	1861	9372	218	891	29589	2575	18124	24404	23730	47714	2492	2678	33864	53879	53544	11487	70001	3989	95232	56341	100906	75493	196677	238759	641309	53375	6521	126	1050	13	26	0
LFQ	92	159	0	0	0	0	38678	491	65561	17667	41	31332	1580	9535	168	858	30036	2636	18456	24855	24245	47451	2507	2601	34332	54788	54071	11057	71083	3746	95916	56519	102240	76045	196260	239439	635016	52310	5485	70	712	8	9	0
LFQ	93	168	0	0	0	0	39616	411	66773	18369	47	32191	1405	9755	130	836	30822	2705	18669	25325	24846	48636	2445	2615	34629	54752	55199	10426	71959	3629	96444	56881	102672	76535	194788	239893	628758	50619	4496	49	467	0	3	0
LFQ	94	517	0	0	0	0	41367	372	68612	18683	44	33021	1400	9929	111	808	31228	2804	19001	25516	25620	48713	2371	2692	35362	55694	56749	10050	73020	3376	97103	56988	103623	77033	195284	238551	619204	49183	3601	26	306	0	1	0
LFQ	95	145	0	0	0	0	42029	352	69982	18966	40	33882	1222	747	9361	851	31975	2810	19054	26363	26334	49095	2311	2599	35658	55864	57357	9786	73627	3289	98596	57375	104933	77786	194377	240292	610043	47671	3005	17	169	0	0	0
LFQ	96	582	0	0	0	0	42824	266	70945	19246	45	34574	1169	722	9393	823	32255	2873	19389	26471	26772	49162	2277	2581	36231	57176	57798	9249	74326	2947	99156	57565	105015	78488	194340	241283	602568	46913	2442	5	92	0	0	0
LFQ	97	34	0	0	0	0	43730	242	72201	20230	45	36061	1027	683	9644	779	33178	2952	20031	26695	27595	50732	2315	2617	36273	57539	58958	8873	75452	2819	100175	58092	105178	78536	192998	241680	593033	45596	1920	9	41	0	0	0
LFQ	98	213	0	0	0	0	44830	212	74045	20414	40	36480	943	677	9517	801	34014	3011	20371	27426	28518	50780	2331	2587	36936	58676	59942	8457	76653	2691	101975	58313	106318	79043	191670	241554	582855	44092	1550	5	23	0	0	0
LFQ	99	227	0	0	0	0	45273	203	74632	20965	50	37426	827	646	9837	704	33943	2909	20501	27358	28362	51053	2294	2637	37609	58585	60707	8311	76935	2700	102420	58873	106915	80090	192415	242637	575456	43047	1411	0	5	0	0	0
LFQ	100	44	0	0	0	0	52898	187	85650	23478	54	42346	907	559	12513	731	38420	3880	23064	33227	33700	55934	2192	3262	41822	65559	70058	8066	84609	2401	113026	64328	117209	85361	189018	251485	468728	32411	834	0	2	0	0	0
# GC Content of first fragments. Use `grep ^GCF | cut -f 2-` to extract this part.
GCF	2.26	0
GCF	5.53	1
GCF	7.04	4
GCF	8.04	0
GCF	9.05	3
GCF	10.05	9
GCF	11.06	12
GCF	12.06	13
GCF	13.07	18
GCF	14.07	39
GCF	15.08	76
GCF	16.08	88
GCF	17.09	164
GCF	18.09	237
GCF	19.10	373
GCF	20.10	500
GCF	21.11	760
GCF	22.11	967
GCF	23.12	1325
GCF	24.12	1714
GCF	25.13	2498
GCF	26.13	3055
GCF	27.14	3837
GCF	28.14	4567
GCF	29.15	5501
GCF	30.15	6422
GCF	31.16	7498
GCF	32.16	8894
GCF	33.17	10332
GCF	34.17	11806
GCF	35.18	13687
GCF	36.18	15320
GCF	37.19	17819
GCF	38.19	19950
GCF	39.20	22270
GCF	40.20	25428
GCF	41.21	28929
GCF	42.21	32941
GCF	43.22	37234
GCF	44.22	42920
GCF	45.23	48710
GCF	46.23	56039
GCF	47.24	63694
GCF	48.24	72330
GCF	49.25	80885
GCF	50.25	90136
GCF	51.26	97771
GCF	52.26	105049
GCF	53.27	110302
GCF	54.27	112836
GCF	55.28	113065
GCF	56.28	108996
GCF	57.29	101840
GCF	58.29	94647
GCF	59.30	83878
GCF	60.30	73360
GCF	61.31	61692
GCF	62.31	50440
GCF	63.32	40714
GCF	64.32	31423
GCF	65.33	23427
GCF	66.33	16977
GCF	67.34	12145
GCF	68.34	8672
GCF	69.35	5860
GCF	70.35	3918
GCF	71.36	2660
GCF	72.36	1782
GCF	73.37	1129
GCF	74.37	723
GCF	75.38	516
GCF	76.38	338
GCF	77.39	254
GCF	78.39	168
GCF	79.40	121
GCF	80.40	88
GCF	81.41	61
GCF	82.91	42
GCF	84.42	23
GCF	85.43	19
GCF	86.43	14
GCF	87.44	1
GCF	88.44	6
GCF	89.45	4
GCF	91.96	1
# GC Content of last fragments. Use `grep ^GCL | cut -f 2-` to extract this part.
GCL	0.25	2
GCL	1.51	1
GCL	3.02	5
GCL	4.02	4
GCL	5.03	5
GCL	6.03	4
GCL	7.04	7
GCL	8.04	3
GCL	9.05	11
GCL	10.05	13
GCL	11.06	22
GCL	12.06	23
GCL	13.07	37
GCL	14.07	53
GCL	15.08	98
GCL	16.08	111
GCL	17.09	151
GCL	18.09	236
GCL	19.10	352
GCL	20.10	549
GCL	21.11	794
GCL	22.11	989
GCL	23.12	1433
GCL	24.12	1786
GCL	25.13	2403
GCL	26.13	3171
GCL	27.14	3777
GCL	28.14	4504
GCL	29.15	5268
GCL	30.15	6501
GCL	31.16	7437
GCL	32.16	8780
GCL	33.17	10253
GCL	34.17	11647
GCL	35.18	13439
GCL	36.18	15164
GCL	37.19	17449
GCL	38.19	19709
GCL	39.20	22218
GCL	40.20	25305
GCL	41.21	28768
GCL	42.21	32937
GCL	43.22	37164
GCL	44.22	42477
GCL	45.23	47814
GCL	46.23	55504
GCL	47.24	63420
GCL	48.24	71376
GCL	49.25	80647
GCL	50.25	89167
GCL	51.26	96417
GCL	52.26	103482
GCL	53.27	109064
GCL	54.27	112527
GCL	55.28	112233
GCL	56.28	108456
GCL	57.29	103057
GCL	58.29	95655
GCL	59.30	84460
GCL	60.30	74467
GCL	61.31	62413
GCL	62.31	52147
GCL	63.32	41938
GCL	64.32	32086
GCL	65.33	24495
GCL	66.33	17969
GCL	67.34	13023
GCL	68.34	9377
GCL	69.35	6415
GCL	70.35	4498
GCL	71.36	3177
GCL	72.36	2196
GCL	73.37	1400
GCL	74.37	1026
GCL	75.38	734
GCL	76.38	521
GCL	77.39	382
GCL	78.39	293
GCL	79.40	214
GCL	80.40	172
GCL	81.41	137
GCL	82.41	110
GCL	83.42	87
GCL	84.42	75
GCL	85.43	55
GCL	86.93	40
GCL	88.94	27
GCL	90.45	28
GCL	91.46	21
GCL	92.46	9
GCL	93.47	5
GCL	94.47	10
GCL	95.48	5
GCL	96.48	0
GCL	97.99	2
# ACGT content per cycle. Use `grep ^GCC | cut -f 2-` to extract this part. The columns are: cycle; A,C,G,T base counts as a percentage of all A/C/G/T bases [%]; and N and O counts as a percentage of all A/C/G/T bases [%]
GCC	1	23.89	25.98	26.21	23.93	0.09	0.00
GCC	2	24.38	25.48	25.70	24.44	0.04	0.00
GCC	3	24.07	25.75	25.94	24.24	0.03	0.00
GCC	4	23.87	26.00	26.14	24.00	0.04	0.00
GCC	5	24.13	25.71	25.90	24.26	0.04	0.00
GCC	6	23.78	26.06	26.23	23.93	0.01	0.00
GCC	7	24.11	25.72	25.93	24.24	0.00	0.00
GCC	8	24.30	25.54	25.72	24.43	0.01	0.00
GCC	9	24.19	25.65	25.84	24.32	0.00	0.00
GCC	10	24.34	25.54	25.69	24.43	0.00	0.00
GCC	11	24.37	25.47	25.65	24.51	0.00	0.00
GCC	12	24.23	25.63	25.81	24.33	0.01	0.00
GCC	13	24.33	25.52	25.67	24.48	0.01	0.00
GCC	14	24.44	25.44	25.58	24.54	0.01	0.00
GCC	15	24.25	25.60	25.77	24.38	0.01	0.00
GCC	16	24.29	25.52	25.73	24.47	0.01	0.00
GCC	17	24.31	25.55	25.68	24.47	0.01	0.00
GCC	18	24.09	25.73	25.90	24.27	0.02	0.00
GCC	19	24.11	25.69	25.94	24.25	0.01	0.00
GCC	20	24.19	25.72	25.85	24.24	0.01	0.00
GCC	21	23.99	25.86	26.04	24.10	0.02	0.00
GCC	22	24.05	25.81	25.98	24.17	0.01	0.00
GCC	23	24.11	25.73	25.95	24.21	0.01	0.00
GCC	24	23.88	25.94	26.11	24.07	0.01	0.00
GCC	25	23.95	25.90	26.06	24.09	0.00	0.00
GCC	26	24.04	25.79	26.03	24.14	0.00	0.00
GCC	27	23.84	25.96	26.16	24.04	0.00	0.00
GCC	28	23.93	25.94	26.08	24.06	0.01	0.00
GCC	29	24.04	25.82	25.98	24.16	0.00	0.00
GCC	30	23.86	25.98	26.18	23.98	0.00	0.00
GCC	31	23.91	25.94	26.11	24.03	0.01	0.00
GCC	32	24.01	25.85	26.05	24.09	0.00	0.00
GCC	33	23.83	26.05	26.21	23.91	0.02	0.00
GCC	34	23.86	25.99	26.16	24.00	0.02	0.00
GCC	35	23.93	25.91	26.09	24.06	0.00	0.00
GCC	36	23.75	26.10	26.24	23.90	0.02	0.00
GCC	37	23.81	26.01	26.19	23.99	0.02	0.00
GCC	38	23.90	25.95	26.15	24.00	0.02	0.00
GCC	39	23.81	26.06	26.29	23.84	0.02	0.00
GCC	40	23.82	26.00	26.20	23.97	0.01	0.00
GCC	41	23.92	25.95	26.10	24.03	0.01	0.00
GCC	42	23.71	26.14	26.26	23.89	0.01	0.00
GCC	43	23.79	26.05	26.23	23.93	0.00	0.00
GCC	44	23.86	25.96	26.14	24.03	0.01	0.00
GCC	45	23.76	26.10	26.27	23.88	0.00	0.00
GCC	46	23.77	26.03	26.26	23.94	0.01	0.00
GCC	47	23.89	25.99	26.12	24.00	0.01	0.00
GCC	48	23.71	26.10	26.32	23.87	0.01	0.00
GCC	49	23.75	26.08	26.29	23.87	0.00	0.00
GCC	50	23.88	26.00	26.13	23.99	0.00	0.00
GCC	51	23.74	26.12	26.29	23.85	0.00	0.00
GCC	52	23.77	26.10	26.25	23.88	0.00	0.00
GCC	53	23.87	25.99	26.17	23.97	0.00	0.00
GCC	54	23.69	26.13	26.34	23.84	0.00	0.00
GCC	55	23.71	26.12	26.31	23.86	0.01	0.00
GCC	56	23.83	26.04	26.16	23.97	0.02	0.00
GCC	57	23.71	26.20	26.34	23.75	0.01	0.00
GCC	58	23.74	26.12	26.30	23.84	0.00	0.00
GCC	59	23.84	25.99	26.18	23.99	0.00	0.00
GCC	60	23.69	26.17	26.29	23.85	0.00	0.00
GCC	61	23.75	26.09	26.27	23.89	0.00	0.00
GCC	62	23.84	25.98	26.20	23.98	0.00	0.00
GCC	63	23.71	26.12	26.31	23.85	0.00	0.00
GCC	64	23.75	26.09	26.28	23.89	0.01	0.00
GCC	65	23.85	26.02	26.19	23.94	0.00	0.00
GCC	66	23.67	26.15	26.32	23.86	0.00	0.00
GCC	67	23.73	26.07	26.26	23.94	0.00	0.00
GCC	68	23.77	26.01	26.23	23.99	0.01	0.00
GCC	69	23.73	26.12	26.31	23.83	0.00	0.00
GCC	70	23.72	26.10	26.27	23.92	0.00	0.00
GCC	71	23.83	26.00	26.19	23.98	0.01	0.00
GCC	72	23.73	26.17	26.33	23.78	0.01	0.00
GCC	73	23.74	26.13	26.27	23.86	0.01	0.00
GCC	74	23.85	26.04	26.17	23.94	0.01	0.00
GCC	75	23.70	26.16	26.31	23.83	0.02	0.00
GCC	76	23.77	26.05	26.30	23.88	0.04	0.00
GCC	77	23.86	26.06	26.16	23.92	0.03	0.00
GCC	78	23.67	26.17	26.35	23.81	0.00	0.00
GCC	79	23.76	26.11	26.28	23.85	0.01	0.00
GCC	80	23.85	26.01	26.18	23.96	0.02	0.00
GCC	81	23.66	26.24	26.34	23.76	0.03	0.00
GCC	82	23.71	26.14	26.32	23.83	0.03	0.00
GCC	83	23.81	26.04	26.22	23.93	0.03	0.00
GCC	84	23.69	26.17	26.34	23.80	0.02	0.00
GCC	85	23.74	26.12	26.30	23.84	0.01	0.00
GCC	86	23.79	26.07	26.23	23.91	0.01	0.00
GCC	87	23.68	26.19	26.34	23.79	0.00	0.00
GCC	88	23.71	26.13	26.30	23.86	0.01	0.00
GCC	89	23.77	26.06	26.27	23.89	0.01	0.00
GCC	90	23.65	26.21	26.38	23.77	0.02	0.00
GCC	91	23.68	26.16	26.35	23.82	0.01	0.00
GCC	92	23.79	26.07	26.24	23.90	0.01	0.00
GCC	93	23.61	26.27	26.39	23.72	0.01	0.00
GCC	94	23.69	26.17	26.35	23.79	0.02	0.00
GCC	95	23.73	26.08	26.26	23.93	0.01	0.00
GCC	96	23.67	26.23	26.40	23.71	0.02	0.00
GCC	97	23.66	26.19	26.37	23.78	0.01	0.00
GCC	98	23.78	26.11	26.27	23.84	0.01	0.00
GCC	99	23.58	26.30	26.44	23.68	0.01	0.00
GCC	100	23.56	26.31	26.47	23.67	0.00	0.00
# ACGT content per cycle for first fragments. Use `grep ^FBC | cut -f 2-` to extract this part. The columns are: cycle; A,C,G,T base counts as a percentage of all A/C/G/T bases [%]; and N and O counts as a percentage of all A/C/G/T bases [%]
FBC	1	23.92	25.97	26.18	23.93	0.06	0.00
FBC	2	24.42	25.43	25.61	24.53	0.00	0.00
FBC	3	24.24	25.58	25.78	24.40	0.00	0.00
FBC	4	24.14	25.73	25.90	24.24	0.00	0.00
FBC	5	24.22	25.66	25.79	24.33	0.00	0.00
FBC	6	23.88	25.95	26.12	24.06	0.00	0.00
FBC	7	24.16	25.66	25.87	24.30	0.00	0.00
FBC	8	24.34	25.50	25.71	24.45	0.00	0.00
FBC	9	24.19	25.63	25.83	24.35	0.00	0.00
FBC	10	24.35	25.50	25.67	24.48	0.00	0.00
FBC	11	24.39	25.43	25.63	24.54	0.00	0.00
FBC	12	24.25	25.62	25.78	24.35	0.00	0.00
FBC	13	24.34	25.50	25.68	24.48	0.01	0.00
FBC	14	24.46	25.44	25.57	24.53	0.00	0.00
FBC	15	24.22	25.59	25.80	24.40	0.00	0.00
FBC	16	24.29	25.54	25.68	24.49	0.00	0.00
FBC	17	24.32	25.54	25.67	24.47	0.00	0.00
FBC	18	24.11	25.74	25.90	24.25	0.00	0.00
FBC	19	24.15	25.67	25.91	24.26	0.00	0.00
FBC	20	24.18	25.72	25.89	24.21	0.00	0.00
FBC	21	23.98	25.86	26.06	24.10	0.00	0.00
FBC	22	24.06	25.80	25.95	24.19	0.00	0.00
FBC	23	24.08	25.71	25.97	24.24	0.00	0.00
FBC	24	23.89	25.93	26.09	24.09	0.00	0.00
FBC	25	23.98	25.88	26.02	24.12	0.00	0.00
FBC	26	24.10	25.74	26.02	24.14	0.00	0.00
FBC	27	23.85	25.95	26.15	24.05	0.01	0.00
FBC	28	23.95	25.92	26.08	24.05	0.00	0.00
FBC	29	24.02	25.80	25.97	24.21	0.00	0.00
FBC	30	23.87	25.97	26.18	23.98	0.00	0.00
FBC	31	23.93	25.93	26.14	24.01	0.00	0.00
FBC	32	24.05	25.82	26.06	24.08	0.00	0.00
FBC	33	23.83	26.03	26.22	23.91	0.00	0.00
FBC	34	23.94	25.95	26.12	23.99	0.01	0.00
FBC	35	23.94	25.90	26.08	24.08	0.00	0.00
FBC	36	23.79	26.05	26.24	23.92	0.00	0.00
FBC	37	23.82	26.00	26.14	24.05	0.01	0.00
FBC	38	23.86	25.96	26.15	24.04	0.00	0.00
FBC	39	23.83	26.04	26.29	23.85	0.00	0.00
FBC	40	23.83	25.98	26.18	24.01	0.00	0.00
FBC	41	23.93	25.94	26.09	24.04	0.00	0.00
FBC	42	23.71	26.12	26.26	23.92	0.00	0.00
FBC	43	23.79	26.04	26.25	23.91	0.00	0.00
FBC	44	23.89	25.93	26.12	24.06	0.00	0.00
FBC	45	23.75	26.08	26.25	23.92	0.00	0.00
FBC	46	23.80	25.96	26.26	23.98	0.00	0.00
FBC	47	23.90	25.91	26.11	24.08	0.00	0.00
FBC	48	23.70	26.05	26.33	23.93	0.00	0.00
FBC	49	23.80	26.04	26.30	23.86	0.00	0.00
FBC	50	23.90	25.94	26.12	24.05	0.00	0.00
FBC	51	23.77	26.09	26.24	23.89	0.00	0.00
FBC	52	23.81	26.03	26.22	23.93	0.00	0.00
FBC	53	23.87	25.97	26.14	24.02	0.00	0.00
FBC	54	23.70	26.09	26.35	23.86	0.00	0.00
FBC	55	23.74	26.07	26.29	23.91	0.00	0.00
FBC	56	23.86	26.02	26.10	24.02	0.00	0.00
FBC	57	23.78	26.15	26.29	23.78	0.01	0.00
FBC	58	23.77	26.08	26.24	23.91	0.00	0.00
FBC	59	23.84	25.94	26.19	24.03	0.00	0.00
FBC	60	23.68	26.15	26.27	23.90	0.00	0.00
FBC	61	23.76	26.05	26.23	23.96	0.01	0.00
FBC	62	23.89	25.92	26.18	24.01	0.01	0.00
FBC	63	23.71	26.09	26.29	23.91	0.00	0.00
FBC	64	23.75	26.01	26.30	23.94	0.00	0.00
FBC	65	23.87	25.99	26.15	23.99	0.00	0.00
FBC	66	23.68	26.10	26.31	23.92	0.00	0.00
FBC	67	23.78	26.03	26.23	23.96	0.00	0.00
FBC	68	23.78	25.97	26.19	24.05	0.01	0.00
FBC	69	23.74	26.12	26.29	23.85	0.00	0.00
FBC	70	23.78	26.01	26.25	23.96	0.00	0.00
FBC	71	23.88	25.96	26.17	23.99	0.00	0.00
FBC	72	23.77	26.14	26.27	23.82	0.00	0.00
FBC	73	23.77	26.09	26.24	23.90	0.00	0.00
FBC	74	23.88	25.99	26.15	23.97	0.00	0.00
FBC	75	23.75	26.11	26.29	23.85	0.00	0.00
FBC	76	23.79	26.02	26.29	23.90	0.00	0.00
FBC	77	23.88	26.05	26.14	23.93	0.00	0.00
FBC	78	23.70	26.16	26.32	23.83	0.00	0.00
FBC	79	23.79	26.08	26.28	23.86	0.00	0.00
FBC	80	23.86	25.99	26.16	23.99	0.00	0.00
FBC	81	23.69	26.23	26.30	23.78	0.01	0.00
FBC	82	23.76	26.11	26.27	23.87	0.00	0.00
FBC	83	23.83	26.00	26.20	23.96	0.02	0.00
FBC	84	23.72	26.09	26.32	23.87	0.00	0.00
FBC	85	23.74	26.08	26.26	23.91	0.00	0.00
FBC	86	23.82	26.02	26.20	23.96	0.00	0.00
FBC	87	23.70	26.13	26.34	23.83	0.00	0.00
FBC	88	23.78	26.07	26.25	23.90	0.01	0.00
FBC	89	23.85	25.99	26.20	23.96	0.01	0.00
FBC	90	23.68	26.15	26.36	23.81	0.00	0.00
FBC	91	23.70	26.11	26.30	23.88	0.01	0.00
FBC	92	23.80	26.02	26.20	23.98	0.01	0.00
FBC	93	23.65	26.24	26.37	23.74	0.01	0.00
FBC	94	23.72	26.11	26.30	23.87	0.00	0.00
FBC	95	23.75	26.05	26.25	23.94	0.02	0.00
FBC	96	23.72	26.15	26.36	23.77	0.01	0.00
FBC	97	23.71	26.12	26.31	23.86	0.02	0.00
FBC	98	23.84	26.04	26.21	23.91	0.00	0.00
FBC	99	23.61	26.26	26.38	23.75	0.01	0.00
FBC	100	23.62	26.24	26.40	23.74	0.00	0.00
# ACGT content per cycle for last fragments. Use `grep ^LBC | cut -f 2-` to extract this part. The columns are: cycle; A,C,G,T base counts as a percentage of all A/C/G/T bases [%]; and N and O counts as a percentage of all A/C/G/T bases [%]
LBC	1	23.85	26.00	26.23	23.92	0.13	0.00
LBC	2	24.33	25.54	25.78	24.35	0.08	0.00
LBC	3	23.90	25.93	26.09	24.08	0.07	0.00
LBC	4	23.59	26.27	26.38	23.76	0.09	0.00
LBC	5	24.05	25.77	26.00	24.19	0.09	0.00
LBC	6	23.68	26.18	26.34	23.80	0.01	0.00
LBC	7	24.05	25.78	25.99	24.18	0.00	0.00
LBC	8	24.26	25.59	25.74	24.42	0.01	0.00
LBC	9	24.19	25.68	25.84	24.29	0.01	0.00
LBC	10	24.32	25.59	25.71	24.39	0.00	0.00
LBC	11	24.35	25.50	25.68	24.48	0.00	0.00
LBC	12	24.20	25.64	25.84	24.32	0.02	0.00
LBC	13	24.32	25.53	25.67	24.48	0.01	0.00
LBC	14	24.42	25.44	25.59	24.55	0.03	0.00
LBC	15	24.29	25.61	25.74	24.36	0.01	0.00
LBC	16	24.29	25.49	25.78	24.44	0.02	0.00
LBC	17	24.29	25.56	25.68	24.47	0.01	0.00
LBC	18	24.08	25.72	25.91	24.29	0.03	0.00
LBC	19	24.08	25.71	25.97	24.24	0.02	0.00
LBC	20	24.21	25.71	25.81	24.27	0.02	0.00
LBC	21	24.00	25.87	26.03	24.10	0.04	0.00
LBC	22	24.04	25.82	26.01	24.14	0.02	0.00
LBC	23	24.14	25.75	25.92	24.19	0.03	0.00
LBC	24	23.87	25.95	26.13	24.06	0.01	0.00
LBC	25	23.93	25.92	26.09	24.06	0.01	0.00
LBC	26	23.99	25.84	26.03	24.14	0.00	0.00
LBC	27	23.84	25.97	26.17	24.03	0.00	0.00
LBC	28	23.91	25.95	26.07	24.07	0.01	0.00
LBC	29	24.06	25.83	26.00	24.11	0.00	0.00
LBC	30	23.86	25.99	26.17	23.98	0.00	0.00
LBC	31	23.90	25.96	26.09	24.05	0.01	0.00
LBC	32	23.97	25.88	26.04	24.11	0.01	0.00
LBC	33	23.82	26.07	26.21	23.91	0.03	0.00
LBC	34	23.78	26.02	26.20	24.00	0.04	0.00
LBC	35	23.93	25.93	26.10	24.04	0.01	0.00
LBC	36	23.72	26.15	26.24	23.89	0.04	0.00
LBC	37	23.80	26.01	26.25	23.94	0.03	0.00
LBC	38	23.94	25.94	26.16	23.97	0.04	0.00
LBC	39	23.79	26.09	26.28	23.84	0.05	0.00
LBC	40	23.82	26.02	26.22	23.93	0.02	0.00
LBC	41	23.91	25.96	26.12	24.02	0.02	0.00
LBC	42	23.71	26.17	26.26	23.86	0.01	0.00
LBC	43	23.79	26.06	26.21	23.94	0.01	0.00
LBC	44	23.84	25.99	26.17	24.00	0.01	0.00
LBC	45	23.77	26.11	26.28	23.84	0.01	0.00
LBC	46	23.75	26.10	26.27	23.89	0.02	0.00
LBC	47	23.89	26.06	26.13	23.92	0.01	0.00
LBC	48	23.71	26.15	26.32	23.82	0.02	0.00
LBC	49	23.70	26.13	26.29	23.88	0.00	0.00
LBC	50	23.86	26.07	26.14	23.93	0.01	0.00
LBC	51	23.71	26.15	26.33	23.81	0.00	0.00
LBC	52	23.72	26.17	26.29	23.82	0.00	0.00
LBC	53	23.87	26.01	26.20	23.92	0.01	0.00
LBC	54	23.67	26.17	26.34	23.82	0.01	0.00
LBC	55	23.69	26.17	26.33	23.82	0.02	0.00
LBC	56	23.81	26.05	26.22	23.92	0.03	0.00
LBC	57	23.65	26.24	26.39	23.73	0.01	0.00
LBC	58	23.71	26.16	26.35	23.78	0.01	0.00
LBC	59	23.84	26.04	26.17	23.95	0.01	0.00
LBC	60	23.69	26.20	26.31	23.79	0.00	0.00
LBC	61	23.74	26.14	26.30	23.82	0.00	0.00
LBC	62	23.79	26.04	26.23	23.94	0.00	0.00
LBC	63	23.72	26.15	26.34	23.80	0.01	0.00
LBC	64	23.75	26.16	26.26	23.83	0.01	0.00
LBC	65	23.83	26.05	26.23	23.89	0.01	0.00
LBC	66	23.66	26.19	26.34	23.81	0.01	0.00
LBC	67	23.69	26.11	26.29	23.91	0.00	0.00
LBC	68	23.76	26.05	26.27	23.93	0.01	0.00
LBC	69	23.73	26.13	26.33	23.81	0.00	0.00
LBC	70	23.65	26.19	26.29	23.87	0.01	0.00
LBC	71	23.79	26.04	26.21	23.96	0.01	0.00
LBC	72	23.69	26.19	26.38	23.74	0.01	0.00
LBC	73	23.70	26.17	26.30	23.82	0.02	0.00
LBC	74	23.82	26.09	26.19	23.90	0.01	0.00
LBC	75	23.65	26.22	26.33	23.81	0.04	0.00
LBC	76	23.76	26.07	26.32	23.85	0.08	0.00
LBC	77	23.84	26.07	26.17	23.92	0.07	0.00
LBC	78	23.64	26.19	26.38	23.80	0.00	0.00
LBC	79	23.73	26.15	26.29	23.83	0.02	0.00
LBC	80	23.84	26.03	26.20	23.92	0.03	0.00
LBC	81	23.63	26.25	26.38	23.74	0.05	0.00
LBC	82	23.67	26.18	26.37	23.78	0.06	0.00
LBC	83	23.79	26.08	26.23	23.89	0.04	0.00
LBC	84	23.67	26.25	26.36	23.73	0.03	0.00
LBC	85	23.74	26.16	26.33	23.77	0.02	0.00
LBC	86	23.76	26.11	26.26	23.87	0.02	0.00
LBC	87	23.65	26.24	26.35	23.76	0.00	0.00
LBC	88	23.63	26.20	26.35	23.82	0.01	0.00
LBC	89	23.69	26.14	26.35	23.83	0.00	0.00
LBC	90	23.61	26.27	26.40	23.72	0.03	0.00
LBC	91	23.66	26.20	26.39	23.75	0.00	0.00
LBC	92	23.78	26.13	26.28	23.82	0.01	0.00
LBC	93	23.58	26.31	26.41	23.70	0.01	0.00
LBC	94	23.65	26.24	26.40	23.71	0.03	0.00
LBC	95	23.70	26.11	26.28	23.91	0.01	0.00
LBC	96	23.62	26.31	26.43	23.64	0.03	0.00
LBC	97	23.62	26.25	26.44	23.69	0.00	0.00
LBC	98	23.71	26.18	26.33	23.78	0.01	0.00
LBC	99	23.54	26.33	26.51	23.62	0.01	0.00
LBC	100	23.49	26.38	26.54	23.59	0.00	0.00
# Insert sizes. Use `grep ^IS | cut -f 2-` to extract this part. The columns are: insert size, pairs total, inward oriented pairs, outward oriented pairs, other pairs
IS	0	0	0	0	0
IS	1	0	0	0	0
IS	2	0	0	0	0
IS	3	1	0	1	0
IS	4	0	0	0	0
IS	5	0	0	0	0
IS	6	0	0	0	0
IS	7	0	0	0	0
IS	8	0	0	0	0
IS	9	0	0	0	0
IS	10	0	0	0	0
IS	11	0	0	0	0
IS	12	0	0	0	0
IS	13	0	0	0	0
IS	14	0	0	0	0
IS	15	0	0	0	0
IS	16	0	0	0	0
IS	17	0	0	0	0
IS	18	0	0	0	0
IS	19	0	0	0	0
IS	20	0	0	0	0
IS	21	0	0	0	0
IS	22	0	0	0	0
IS	23	0	0	0	0
IS	24	0	0	0	0
IS	25	0	0	0	0
IS	26	0	0	0	0
IS	27	0	0	0	0
IS	28	0	0	0	0
IS	29	2	0	2	0
IS	30	4	3	1	0
IS	31	2	0	1	1
IS	32	1	0	1	0
IS	33	4	2	2	0
IS	34	1	0	0	1
IS	35	0	0	0	0
IS	36	0	0	0	0
IS	37	0	0	0	0
IS	38	0	0	0	0
IS	39	2	2	0	0
IS	40	3	1	1	1
IS	41	1	0	0	1
IS	42	2	1	1	0
IS	43	0	0	0	0
IS	44	1	1	0	0
IS	45	0	0	0	0
IS	46	2	0	1	1
IS	47	2	2	0	0
IS	48	0	0	0	0
IS	49	0	0	0	0
IS	50	1	0	1	0
IS	51	1	0	1	0
IS	52	2	0	2	0
IS	53	1	1	0	0
IS	54	3	2	1	0
IS	55	0	0	0	0
IS	56	2	1	1	0
IS	57	3	2	1	0
IS	58	4	1	2	1
IS	59	4	3	1	0
IS	60	0	0	0	0
IS	61	1	0	1	0
IS	62	1	0	1	0
IS	63	4	2	2	0
IS	64	4	2	2	0
IS	65	3	2	1	0
IS	66	6	4	2	0
IS	67	4	2	1	1
IS	68	1	0	1	0
IS	69	3	3	0	0
IS	70	6	4	2	0
IS	71	1	0	1	0
IS	72	2	0	2	0
IS	73	7	5	1	1
IS	74	6	1	5	0
IS	75	8	6	2	0
IS	76	7	6	1	0
IS	77	11	9	2	0
IS	78	14	10	4	0
IS	79	12	11	1	0
IS	80	10	8	2	0
IS	81	9	5	4	0
IS	82	13	7	6	0
IS	83	18	8	9	1
IS	84	15	8	7	0
IS	85	14	8	6	0
IS	86	27	11	16	0
IS	87	14	9	5	0
IS	88	34	17	17	0
IS	89	30	16	14	0
IS	90	52	27	25	0
IS	91	65	35	29	1
IS	92	56	35	21	0
IS	93	71	38	33	0
IS	94	76	35	41	0
IS	95	88	42	46	0
IS	96	108	58	50	0
IS	97	135	63	72	0
IS	98	142	60	82	0
IS	99	159	21	137	1
IS	100	230	122	108	0
IS	101	268	267	1	0
IS	102	289	286	2	1
IS	103	353	353	0	0
IS	104	405	405	0	0
IS	105	479	479	0	0
IS	106	553	553	0	0
IS	107	613	613	0	0
IS	108	644	644	0	0
IS	109	747	746	0	1
IS	110	847	847	0	0
IS	111	939	939	0	0
IS	112	1014	1014	0	0
IS	113	1139	1139	0	0
IS	114	1204	1204	0	0
IS	115	1373	1373	0	0
IS	116	1473	1473	0	0
IS	117	1576	1576	0	0
IS	118	1668	1668	0	0
IS	119	1922	1922	0	0
IS	120	1894	1894	0	0
IS	121	2090	2090	0	0
IS	122	2315	2315	0	0
IS	123	2400	2400	0	0
IS	124	2506	2506	0	0
IS	125	2690	2690	0	0
IS	126	2680	2680	0	0
IS	127	2878	2878	0	0
IS	128	2978	2978	0	0
IS	129	3083	3083	0	0
IS	130	3389	3389	0	0
IS	131	3379	3379	0	0
IS	132	3567	3567	0	0
IS	133	3592	3592	0	0
IS	134	3865	3865	0	0
IS	135	4081	4081	0	0
IS	136	4126	4126	0	0
IS	137	4259	4259	0	0
IS	138	4274	4274	0	0
IS	139	4512	4512	0	0
IS	140	4696	4696	0	0
IS	141	4712	4711	0	1
IS	142	4998	4998	0	0
IS	143	4943	4943	0	0
IS	144	5034	5034	0	0
IS	145	5210	5210	0	0
IS	146	5188	5188	0	0
IS	147	5458	5458	0	0
IS	148	5530	5530	0	0
IS	149	5687	5687	0	0
IS	150	5825	5825	0	0
IS	151	5878	5878	0	0
IS	152	5971	5970	0	1
IS	153	6285	6285	0	0
IS	154	6274	6274	0	0
IS	155	6345	6345	0	0
IS	156	6423	6423	0	0
IS	157	6490	6490	0	0
IS	158	6681	6681	0	0
IS	159	6895	6895	0	0
IS	160	6754	6753	0	1
IS	161	6878	6878	0	0
IS	162	6928	6928	0	0
IS	163	7176	7176	0	0
IS	164	7235	7235	0	0
IS	165	7322	7322	0	0
IS	166	7372	7372	0	0
IS	167	7381	7381	0	0
IS	168	7546	7546	0	0
IS	169	7629	7628	0	1
IS	170	7679	7678	0	1
IS	171	7704	7704	0	0
IS	172	7901	7901	0	0
IS	173	7788	7788	0	0
IS	174	7907	7907	0	0
IS	175	8040	8040	0	0
IS	176	8072	8072	0	0
IS	177	8255	8255	0	0
IS	178	8253	8253	0	0
IS	179	8202	8202	0	0
IS	180	8289	8289	0	0
IS	181	8280	8280	0	0
IS	182	8378	8378	0	0
IS	183	8604	8603	1	0
IS	184	8376	8376	0	0
IS	185	8738	8738	0	0
IS	186	8563	8563	0	0
IS	187	8688	8688	0	0
IS	188	8622	8622	0	0
IS	189	8718	8718	0	0
IS	190	8825	8825	0	0
IS	191	8844	8844	0	0
IS	192	8756	8756	0	0
IS	193	8783	8783	0	0
IS	194	8835	8835	0	0
IS	195	8846	8846	0	0
IS	196	9012	9012	0	0
IS	197	8768	8768	0	0
IS	198	9026	9025	0	1
IS	199	9103	9103	0	0
IS	200	9122	9122	0	0
IS	201	9132	9132	0	0
IS	202	9087	9086	0	1
IS	203	9175	9175	0	0
IS	204	8914	8914	0	0
IS	205	9078	9078	0	0
IS	206	8954	8954	0	0
IS	207	8895	8895	0	0
IS	208	9028	9028	0	0
IS	209	9073	9073	0	0
IS	210	8959	8958	1	0
IS	211	9122	9122	0	0
IS	212	8961	8961	0	0
IS	213	8999	8999	0	0
IS	214	9026	9026	0	0
IS	215	9050	9050	0	0
IS	216	9112	9112	0	0
IS	217	8891	8891	0	0
IS	218	9011	9011	0	0
IS	219	9102	9102	0	0
IS	220	8982	8982	0	0
IS	221	8937	8937	0	0
IS	222	8897	8897	0	0
IS	223	8910	8910	0	0
IS	224	8820	8820	0	0
IS	225	8903	8903	0	0
IS	226	8827	8827	0	0
IS	227	8876	8876	0	0
IS	228	8819	8819	0	0
IS	229	8843	8843	0	0
IS	230	8805	8805	0	0
IS	231	8747	8747	0	0
IS	232	8771	8771	0	0
IS	233	8464	8464	0	0
IS	234	8718	8718	0	0
IS	235	8505	8505	0	0
IS	236	8592	8592	0	0
IS	237	8629	8629	0	0
IS	238	8466	8466	0	0
IS	239	8440	8440	0	0
IS	240	8492	8492	0	0
IS	241	8311	8311	0	0
IS	242	8372	8372	0	0
IS	243	8372	8372	0	0
IS	244	8293	8293	0	0
IS	245	8132	8132	0	0
IS	246	8479	8479	0	0
IS	247	8235	8235	0	0
IS	248	8194	8194	0	0
IS	249	8144	8144	0	0
IS	250	7992	7992	0	0
IS	251	8128	8128	0	0
IS	252	7886	7886	0	0
IS	253	8023	8023	0	0
IS	254	7828	7828	0	0
IS	255	7916	7916	0	0
IS	256	7906	7906	0	0
IS	257	7826	7826	0	0
IS	258	7588	7588	0	0
IS	259	7733	7733	0	0
IS	260	7702	7702	0	0
IS	261	7571	7571	0	0
IS	262	7535	7535	0	0
IS	263	7699	7699	0	0
IS	264	7445	7444	0	1
IS	265	7605	7605	0	0
IS	266	7442	7442	0	0
IS	267	7330	7330	0	0
IS	268	7380	7380	0	0
IS	269	7200	7200	0	0
IS	270	7256	7256	0	0
IS	271	7140	7140	0	0
IS	272	7219	7219	0	0
IS	273	6921	6921	0	0
IS	274	7003	7002	1	0
IS	275	7029	7029	0	0
IS	276	6919	6919	0	0
IS	277	6943	6942	1	0
IS	278	6920	6920	0	0
IS	279	6679	6679	0	0
IS	280	6861	6861	0	0
IS	281	6595	6594	0	1
IS	282	6670	6669	1	0
IS	283	6635	6635	0	0
IS	284	6624	6624	0	0
IS	285	6474	6474	0	0
IS	286	6509	6509	0	0
IS	287	6490	6490	0	0
IS	288	6346	6346	0	0
IS	289	6428	6428	0	0
IS	290	6251	6251	0	0
IS	291	6281	6281	0	0
IS	292	6157	6157	0	0
IS	293	6125	6125	0	0
IS	294	6134	6134	0	0
IS	295	6190	6190	0	0
IS	296	6160	6160	0	0
IS	297	5983	5983	0	0
IS	298	5841	5841	0	0
IS	299	5975	5975	0	0
IS	300	5966	5966	0	0
IS	301	5770	5770	0	0
IS	302	5716	5716	0	0
IS	303	5694	5694	0	0
IS	304	5723	5723	0	0
IS	305	5620	5620	0	0
IS	306	5739	5739	0	0
IS	307	5626	5626	0	0
IS	308	5468	5468	0	0
IS	309	5622	5622	0	0
IS	310	5366	5366	0	0
IS	311	5395	5395	0	0
IS	312	5254	5254	0	0
IS	313	5294	5292	1	1
IS	314	5253	5253	0	0
IS	315	5097	5097	0	0
IS	316	5113	5113	0	0
IS	317	5082	5082	0	0
IS	318	5067	5067	0	0
IS	319	4970	4970	0	0
IS	320	4985	4985	0	0
IS	321	5041	5041	0	0
IS	322	4888	4888	0	0
IS	323	4931	4931	0	0
IS	324	4871	4871	0	0
IS	325	4857	4857	0	0
IS	326	4852	4852	0	0
IS	327	4638	4638	0	0
IS	328	4673	4673	0	0
IS	329	4688	4687	1	0
IS	330	4601	4601	0	0
IS	331	4540	4540	0	0
IS	332	4455	4455	0	0
IS	333	4527	4527	0	0
IS	334	4480	4480	0	0
IS	335	4508	4507	1	0
IS	336	4480	4479	1	0
IS	337	4422	4422	0	0
IS	338	4432	4431	1	0
IS	339	4346	4346	0	0
IS	340	4292	4292	0	0
IS	341	4225	4225	0	0
IS	342	4208	4208	0	0
IS	343	4127	4127	0	0
IS	344	4205	4205	0	0
IS	345	4049	4049	0	0
IS	346	4064	4063	1	0
IS	347	3955	3955	0	0
IS	348	3902	3902	0	0
IS	349	4024	4024	0	0
IS	350	3935	3935	0	0
IS	351	3858	3858	0	0
IS	352	3752	3752	0	0
IS	353	3749	3749	0	0
IS	354	3811	3810	1	0
IS	355	3721	3721	0	0
IS	356	3679	3679	0	0
IS	357	3627	3627	0	0
IS	358	3648	3648	0	0
IS	359	3599	3599	0	0
IS	360	3587	3586	1	0
IS	361	3573	3573	0	0
IS	362	3544	3544	0	0
IS	363	3524	3522	2	0
IS	364	3483	3483	0	0
IS	365	3372	3372	0	0
IS	366	3412	3412	0	0
IS	367	3306	3306	0	0
IS	368	3248	3248	0	0
IS	369	3219	3219	0	0
IS	370	3241	3241	0	0
IS	371	3207	3207	0	0
IS	372	3188	3188	0	0
IS	373	3172	3172	0	0
IS	374	3143	3142	1	0
IS	375	3026	3026	0	0
IS	376	3119	3119	0	0
IS	377	3041	3041	0	0
IS	378	3073	3073	0	0
IS	379	2930	2930	0	0
IS	380	2953	2953	0	0
IS	381	3013	3013	0	0
IS	382	2995	2995	0	0
IS	383	2894	2894	0	0
IS	384	3015	3015	0	0
IS	385	2808	2808	0	0
IS	386	2848	2847	1	0
IS	387	2791	2791	0	0
IS	388	2682	2682	0	0
IS	389	2693	2692	1	0
IS	390	2716	2716	0	0
IS	391	2717	2717	0	0
IS	392	2619	2619	0	0
IS	393	2679	2679	0	0
IS	394	2530	2530	0	0
IS	395	2639	2639	0	0
IS	396	2578	2578	0	0
IS	397	2546	2545	1	0
IS	398	2442	2442	0	0
IS	399	2514	2514	0	0
IS	400	2378	2378	0	0
IS	401	2481	2481	0	0
IS	402	2510	2510	0	0
IS	403	2438	2438	0	0
IS	404	2344	2344	0	0
IS	405	2278	2278	0	0
IS	406	2268	2268	0	0
IS	407	2306	2305	1	0
IS	408	2272	2272	0	0
IS	409	2310	2310	0	0
IS	410	2214	2214	0	0
IS	411	2194	2194	0	0
IS	412	2215	2215	0	0
IS	413	2211	2211	0	0
IS	414	2156	2156	0	0
IS	415	2165	2164	1	0
IS	416	2161	2161	0	0
IS	417	1999	1999	0	0
IS	418	2002	2002	0	0
IS	419	2068	2068	0	0
IS	420	2040	2040	0	0
IS	421	1989	1989	0	0
IS	422	2025	2025	0	0
IS	423	1971	1971	0	0
IS	424	1988	1988	0	0
IS	425	1901	1901	0	0
IS	426	1882	1882	0	0
IS	427	1787	1787	0	0
IS	428	1862	1862	0	0
IS	429	1824	1824	0	0
IS	430	1790	1790	0	0
IS	431	1849	1849	0	0
IS	432	1765	1765	0	0
IS	433	1795	1795	0	0
IS	434	1719	1719	0	0
IS	435	1779	1779	0	0
IS	436	1766	1766	0	0
IS	437	1729	1729	0	0
IS	438	1595	1595	0	0
IS	439	1671	1671	0	0
IS	440	1644	1644	0	0
IS	441	1584	1584	0	0
IS	442	1611	1611	0	0
IS	443	1586	1586	0	0
IS	444	1608	1608	0	0
IS	445	1491	1491	0	0
IS	446	1520	1520	0	0
IS	447	1460	1460	0	0
IS	448	1539	1539	0	0
IS	449	1604	1604	0	0
IS	450	1469	1469	0	0
IS	451	1441	1441	0	0
IS	452	1417	1417	0	0
IS	453	1398	1398	0	0
IS	454	1401	1401	0	0
IS	455	1430	1430	0	0
IS	456	1346	1346	0	0
IS	457	1388	1388	0	0
IS	458	1340	1340	0	0
IS	459	1386	1386	0	0
IS	460	1328	1328	0	0
IS	461	1304	1304	0	0
IS	462	1278	1278	0	0
IS	463	1238	1238	0	0
IS	464	1284	1283	1	0
IS	465	1237	1237	0	0
IS	466	1256	1256	0	0
IS	467	1232	1232	0	0
IS	468	1222	1222	0	0
IS	469	1239	1239	0	0
IS	470	1133	1133	0	0
IS	471	1265	1265	0	0
IS	472	1203	1203	0	0
IS	473	1146	1145	1	0
IS	474	1193	1192	1	0
IS	475	1194	1194	0	0
IS	476	1122	1122	0	0
IS	477	1115	1114	1	0
IS	478	1120	1120	0	0
IS	479	1047	1047	0	0
IS	480	1056	1056	0	0
IS	481	1079	1078	1	0
IS	482	1062	1062	0	0
IS	483	1019	1019	0	0
IS	484	1030	1030	0	0
IS	485	1024	1024	0	0
IS	486	1014	1014	0	0
IS	487	992	992	0	0
IS	488	997	997	0	0
IS	489	897	896	1	0
IS	490	989	989	0	0
IS	491	950	950	0	0
IS	492	913	913	0	0
IS	493	939	938	1	0
IS	494	882	882	0	0
IS	495	890	890	0	0
IS	496	933	933	0	0
IS	497	890	889	1	0
IS	498	880	880	0	0
IS	499	882	882	0	0
IS	500	848	848	0	0
IS	501	832	832	0	0
IS	502	887	886	1	0
IS	503	761	761	0	0
IS	504	798	798	0	0
IS	505	868	868	0	0
IS	506	837	837	0	0
IS	507	761	761	0	0
IS	508	810	810	0	0
IS	509	817	816	1	0
IS	510	745	744	1	0
IS	511	756	755	1	0
IS	512	775	775	0	0
IS	513	737	737	0	0
IS	514	794	794	0	0
IS	515	734	733	1	0
IS	516	710	709	1	0
IS	517	685	685	0	0
IS	518	715	715	0	0
IS	519	661	661	0	0
IS	520	708	708	0	0
IS	521	677	677	0	0
IS	522	655	655	0	0
IS	523	644	644	0	0
IS	524	656	655	1	0
IS	525	667	666	1	0
IS	526	593	593	0	0
IS	527	632	631	1	0
IS	528	618	617	1	0
IS	529	647	646	1	0
IS	530	606	605	1	0
IS	531	607	607	0	0
IS	532	658	658	0	0
IS	533	611	610	1	0
IS	534	583	581	2	0
IS	535	609	609	0	0
IS	536	583	582	1	0
IS	537	538	537	1	0
IS	538	552	552	0	0
IS	539	592	592	0	0
IS	540	572	572	0	0
IS	541	560	560	0	0
IS	542	514	514	0	0
IS	543	508	508	0	0
IS	544	547	547	0	0
IS	545	532	532	0	0
IS	546	501	501	0	0
IS	547	523	522	1	0
IS	548	495	495	0	0
IS	549	498	498	0	0
IS	550	506	506	0	0
IS	551	492	492	0	0
IS	552	433	433	0	0
IS	553	460	460	0	0
IS	554	452	452	0	0
IS	555	471	470	1	0
IS	556	476	476	0	0
IS	557	433	433	0	0
IS	558	434	434	0	0
IS	559	422	422	0	0
IS	560	418	418	0	0
IS	561	430	430	0	0
IS	562	424	423	1	0
IS	563	427	427	0	0
IS	564	404	403	1	0
IS	565	403	403	0	0
IS	566	385	384	1	0
IS	567	371	371	0	0
IS	568	386	386	0	0
IS	569	406	406	0	0
IS	570	395	395	0	0
IS	571	368	368	0	0
IS	572	364	364	0	0
IS	573	387	387	0	0
IS	574	338	338	0	0
IS	575	365	365	0	0
IS	576	351	351	0	0
IS	577	357	357	0	0
IS	578	342	342	0	0
IS	579	328	328	0	0
IS	580	340	340	0	0
IS	581	356	355	1	0
IS	582	319	319	0	0
IS	583	296	296	0	0
IS	584	324	324	0	0
IS	585	299	299	0	0
IS	586	315	315	0	0
IS	587	342	342	0	0
IS	588	318	318	0	0
IS	589	320	320	0	0
IS	590	305	305	0	0
IS	591	299	299	0	0
IS	592	315	315	0	0
IS	593	294	294	0	0
IS	594	280	280	0	0
IS	595	291	291	0	0
IS	596	293	293	0	0
IS	597	266	266	0	0
IS	598	267	267	0	0
IS	599	240	240	0	0
IS	600	262	262	0	0
# Read lengths. Use `grep ^RL | cut -f 2-` to extract this part. The columns are: read length, count
RL	100	4011976
# Read lengths - first fragments. Use `grep ^FRL | cut -f 2-` to extract this part. The columns are: read length, count
FRL	100	2004013
# Read lengths - last fragments. Use `grep ^LRL | cut -f 2-` to extract this part. The columns are: read length, count
LRL	100	2007963
# Indel distribution. Use `grep ^ID | cut -f 2-` to extract this part. The columns are: length, number of insertions, number of deletions
ID	1	84501	168093
ID	2	8435	10181
ID	3	2621	1826
ID	4	608	819
ID	5	724	242
ID	6	358	31
ID	7	346	112
ID	8	45	124
ID	9	4	20
ID	10	61	35
ID	11	50	87
ID	12	44	4
ID	13	43	2
ID	14	27	2
ID	15	6	59
ID	16	7	69
ID	17	28	19
ID	18	4	8
ID	19	12	70
ID	20	8	9
ID	21	13	7
ID	22	42	32
ID	23	18	9
ID	24	29	22
ID	25	41	41
ID	26	8	9
ID	27	30	30
ID	28	22	22
ID	29	24	24
ID	30	7	7
ID	31	6	6
ID	35	4	7
ID	36	0	28
ID	39	0	5
ID	49	0	1
ID	61	0	1
ID	71	0	1
# Indels per cycle. Use `grep ^IC | cut -f 2-` to extract this part. The columns are: cycle, number of insertions (fwd), .. (rev) , number of deletions (fwd), .. (rev)
IC	3	0	0	706	674
IC	4	532	614	942	984
IC	5	542	551	1045	1017
IC	6	565	551	1045	981
IC	7	565	514	934	897
IC	8	478	488	985	994
IC	9	521	524	1017	978
IC	10	500	483	940	950
IC	11	509	470	1003	968
IC	12	534	539	942	956
IC	13	529	498	964	971
IC	14	520	537	1013	944
IC	15	531	547	973	1035
IC	16	528	515	1021	1072
IC	17	518	530	976	990
IC	18	510	524	1038	1020
IC	19	554	527	977	997
IC	20	604	533	1028	976
IC	21	526	515	1012	987
IC	22	535	556	1057	975
IC	23	543	523	948	994
IC	24	506	530	998	1052
IC	25	517	543	964	995
IC	26	572	497	1015	950
IC	27	568	519	1023	997
IC	28	587	524	993	962
IC	29	549	535	1013	983
IC	30	534	572	961	979
IC	31	538	525	1003	996
IC	32	558	522	1030	893
IC	33	586	561	1011	987
IC	34	560	543	1026	1012
IC	35	550	568	994	1030
IC	36	531	518	1030	988
IC	37	505	588	1011	994
IC	38	576	500	1010	951
IC	39	592	517	1019	988
IC	40	566	517	1029	1017
IC	41	555	532	989	998
IC	42	532	563	977	964
IC	43	554	523	1046	986
IC	44	493	562	1007	969
IC	45	513	596	1050	1009
IC	46	551	588	952	907
IC	47	532	544	998	1014
IC	48	525	511	932	994
IC	49	529	535	968	1015
IC	50	575	556	1028	1005
IC	51	532	501	969	978
IC	52	530	544	917	1002
IC	53	554	534	1025	966
IC	54	476	506	978	1018
IC	55	538	528	981	949
IC	56	506	515	994	1053
IC	57	485	533	1033	1005
IC	58	518	468	984	967
IC	59	525	535	975	1003
IC	60	503	538	998	945
IC	61	538	476	950	994
IC	62	526	500	939	895
IC	63	514	497	979	959
IC	64	508	509	913	917
IC	65	509	506	947	970
IC	66	534	502	947	918
IC	67	551	499	954	919
IC	68	496	527	888	922
IC	69	494	541	985	933
IC	70	534	565	1027	998
IC	71	510	531	944	953
IC	72	536	548	968	974
IC	73	531	548	951	1008
IC	74	525	509	986	918
IC	75	492	526	925	932
IC	76	483	523	967	937
IC	77	537	477	922	925
IC	78	480	507	955	926
IC	79	508	561	945	914
IC	80	482	533	951	951
IC	81	505	513	947	967
IC	82	496	516	934	980
IC	83	472	480	914	926
IC	84	488	528	928	922
IC	85	494	497	951	929
IC	86	543	544	921	930
IC	87	519	458	902	910
IC	88	485	448	866	883
IC	89	494	473	840	891
IC	90	482	437	883	854
IC	91	470	440	875	891
IC	92	477	497	867	846
IC	93	446	416	810	801
IC	94	506	488	881	851
IC	95	475	476	923	829
IC	96	515	489	865	849
IC	97	515	526	627	587
# Coverage distribution. Use `grep ^COV | cut -f 2-` to extract this part.
COV	[1-1]	1	436955
COV	[2-2]	2	314366
COV	[3-3]	3	270773
COV	[4-4]	4	246340
COV	[5-5]	5	229115
COV	[6-6]	6	214627
COV	[7-7]	7	199687
COV	[8-8]	8	192003
COV	[9-9]	9	182273
COV	[10-10]	10	178570
COV	[11-11]	11	173112
COV	[12-12]	12	169490
COV	[13-13]	13	165451
COV	[14-14]	14	162849
COV	[15-15]	15	163211
COV	[16-16]	16	164373
COV	[17-17]	17	162406
COV	[18-18]	18	161791
COV	[19-19]	19	161488
COV	[20-20]	20	160051
COV	[21-21]	21	160003
COV	[22-22]	22	158140
COV	[23-23]	23	156870
COV	[24-24]	24	155642
COV	[25-25]	25	152047
COV	[26-26]	26	150458
COV	[27-27]	27	150996
COV	[28-28]	28	149201
COV	[29-29]	29	147651
COV	[30-30]	30	144832
COV	[31-31]	31	143777
COV	[32-32]	32	141580
COV	[33-33]	33	140107
COV	[34-34]	34	138208
COV	[35-35]	35	133515
COV	[36-36]	36	130849
COV	[37-37]	37	128303
COV	[38-38]	38	123368
COV	[39-39]	39	120226
COV	[40-40]	40	116150
COV	[41-41]	41	112962
COV	[42-42]	42	110206
COV	[43-43]	43	107221
COV	[44-44]	44	103096
COV	[45-45]	45	100551
COV	[46-46]	46	97661
COV	[47-47]	47	95125
COV	[48-48]	48	91611
COV	[49-49]	49	89232
COV	[50-50]	50	86988
COV	[51-51]	51	85991
COV	[52-52]	52	85014
COV	[53-53]	53	82272
COV	[54-54]	54	80682
COV	[55-55]	55	79440
COV	[56-56]	56	77709
COV	[57-57]	57	76690
COV	[58-58]	58	74737
COV	[59-59]	59	73953
COV	[60-60]	60	73117
COV	[61-61]	61	71592
COV	[62-62]	62	71290
COV	[63-63]	63	71802
COV	[64-64]	64	71020
COV	[65-65]	65	70698
COV	[66-66]	66	69367
COV	[67-67]	67	67733
COV	[68-68]	68	67548
COV	[69-69]	69	66565
COV	[70-70]	70	66640
COV	[71-71]	71	66900
COV	[72-72]	72	66737
COV	[73-73]	73	65620
COV	[74-74]	74	65199
COV	[75-75]	75	64387
COV	[76-76]	76	63597
COV	[77-77]	77	63042
COV	[78-78]	78	61944
COV	[79-79]	79	60550
COV	[80-80]	80	59379
COV	[81-81]	81	58202
COV	[82-82]	82	57455
COV	[83-83]	83	55503
COV	[84-84]	84	54394
COV	[85-85]	85	52986
COV	[86-86]	86	51197
COV	[87-87]	87	49392
COV	[88-88]	88	47322
COV	[89-89]	89	45189
COV	[90-90]	90	41960
COV	[91-91]	91	39830
COV	[92-92]	92	37451
COV	[93-93]	93	34875
COV	[94-94]	94	32642
COV	[95-95]	95	29582
COV	[96-96]	96	27296
COV	[97-97]	97	24581
COV	[98-98]	98	22449
COV	[99-99]	99	19945
COV	[100-100]	100	17782
COV	[101-101]	101	15854
COV	[102-102]	102	14330
COV	[103-103]	103	12443
COV	[104-104]	104	10684
COV	[105-105]	105	9249
COV	[106-106]	106	8153
COV	[107-107]	107	7184
COV	[108-108]	108	6010
COV	[109-109]	109	5251
COV	[110-110]	110	4387
COV	[111-111]	111	3638
COV	[112-112]	112	3216
COV	[113-113]	113	2724
COV	[114-114]	114	2176
COV	[115-115]	115	1936
COV	[116-116]	116	1632
COV	[117-117]	117	1379
COV	[118-118]	118	1290
COV	[119-119]	119	1019
COV	[120-120]	120	891
COV	[121-121]	121	737
COV	[122-122]	122	663
COV	[123-123]	123	639
COV	[124-124]	124	473
COV	[125-125]	125	491
COV	[126-126]	126	443
COV	[127-127]	127	393
COV	[128-128]	128	394
COV	[129-129]	129	394
COV	[130-130]	130	364
COV	[131-131]	131	312
COV	[132-132]	132	324
COV	[133-133]	133	272
COV	[134-134]	134	267
COV	[135-135]	135	277
COV	[136-136]	136	235
COV	[137-137]	137	265
COV	[138-138]	138	276
COV	[139-139]	139	257
COV	[140-140]	140	241
COV	[141-141]	141	233
COV	[142-142]	142	266
COV	[143-143]	143	222
COV	[144-144]	144	249
COV	[145-145]	145	205
COV	[146-146]	146	218
COV	[147-147]	147	259
COV	[148-148]	148	211
COV	[149-149]	149	220
COV	[150-150]	150	197
COV	[151-151]	151	198
COV	[152-152]	152	185
COV	[153-153]	153	164
COV	[154-154]	154	142
COV	[155-155]	155	114
COV	[156-156]	156	129
COV	[157-157]	157	137
COV	[158-158]	158	128
COV	[159-159]	159	125
COV	[160-160]	160	107
COV	[161-161]	161	91
COV	[162-162]	162	98
COV	[163-163]	163	111
COV	[164-164]	164	77
COV	[165-165]	165	99
COV	[166-166]	166	92
COV	[167-167]	167	84
COV	[168-168]	168	84
COV	[169-169]	169	80
COV	[170-170]	170	76
COV	[171-171]	171	66
COV	[172-172]	172	50
COV	[173-173]	173	71
COV	[174-174]	174	63
COV	[175-175]	175	59
COV	[176-176]	176	55
COV	[177-177]	177	51
COV	[178-178]	178	53
COV	[179-179]	179	64
COV	[180-180]	180	58
COV	[181-181]	181	48
COV	[182-182]	182	42
COV	[183-183]	183	54
COV	[184-184]	184	46
COV	[185-185]	185	37
COV	[186-186]	186	39
COV	[187-187]	187	39
COV	[188-188]	188	53
COV	[189-189]	189	63
COV	[190-190]	190	45
COV	[191-191]	191	46
COV	[192-192]	192	41
COV	[193-193]	193	31
COV	[194-194]	194	17
COV	[195-195]	195	24
COV	[196-196]	196	24
COV	[197-197]	197	26
COV	[198-198]	198	27
COV	[199-199]	199	22
COV	[200-200]	200	14
COV	[201-201]	201	19
COV	[202-202]	202	21
COV	[203-203]	203	11
COV	[204-204]	204	7
COV	[205-205]	205	9
COV	[206-206]	206	4
COV	[207-207]	207	10
COV	[208-208]	208	2
COV	[209-209]	209	4
COV	[211-211]	211	1
COV	[212-212]	212	2
COV	[213-213]	213	1
COV	[214-214]	214	2
COV	[216-216]	216	4
COV	[217-217]	217	1
COV	[218-218]	218	2
COV	[219-219]	219	3
COV	[220-220]	220	1
COV	[221-221]	221	1
COV	[222-222]	222	2
COV	[223-223]	223	1
COV	[224-224]	224	1
COV	[225-225]	225	2
COV	[226-226]	226	2
COV	[227-227]	227	1
COV	[228-228]	228	2
COV	[229-229]	229	1
COV	[230-230]	230	1
COV	[231-231]	231	1
COV	[233-233]	233	3
COV	[234-234]	234	2
COV	[235-235]	235	1
COV	[237-237]	237	1
COV	[238-238]	238	1
COV	[239-239]	239	1
COV	[240-240]	240	1
COV	[241-241]	241	2
COV	[242-242]	242	3
COV	[243-243]	243	2
COV	[244-244]	244	2
COV	[245-245]	245	4
COV	[246-246]	246	1
COV	[247-247]	247	1
COV	[248-248]	248	1
COV	[249-249]	249	2
COV	[250-250]	250	4
COV	[251-251]	251	3
COV	[252-252]	252	4
COV	[253-253]	253	4
COV	[254-254]	254	3
COV	[255-255]	255	7
COV	[256-256]	256	2
COV	[257-257]	257	4
COV	[258-258]	258	3
COV	[259-259]	259	3
COV	[260-260]	260	4
COV	[261-261]	261	5
COV	[262-262]	262	6
COV	[263-263]	263	2
COV	[264-264]	264	1
COV	[265-265]	265	1
COV	[266-266]	266	1
COV	[267-267]	267	1
COV	[269-269]	269	3
COV	[270-270]	270	3
COV	[272-272]	272	1
COV	[274-274]	274	1
COV	[277-277]	277	2
COV	[278-278]	278	1
COV	[279-279]	279	1
COV	[280-280]	280	2
COV	[282-282]	282	1
COV	[283-283]	283	1
COV	[284-284]	284	1
COV	[286-286]	286	1
COV	[287-287]	287	2
COV	[289-289]	289	3
COV	[291-291]	291	1
COV	[293-293]	293	1
COV	[294-294]	294	1
COV	[297-297]	297	3
COV	[298-298]	298	2
COV	[301-301]	301	1
COV	[303-303]	303	2
COV	[305-305]	305	1
COV	[308-308]	308	3
COV	[309-309]	309	1
COV	[310-310]	310	3
COV	[311-311]	311	2
COV	[313-313]	313	1
COV	[314-314]	314	3
COV	[315-315]	315	3
COV	[316-316]	316	1
COV	[317-317]	317	2
COV	[319-319]	319	1
COV	[320-320]	320	1
COV	[321-321]	321	3
COV	[322-322]	322	2
COV	[323-323]	323	2
COV	[324-324]	324	1
COV	[325-325]	325	3
COV	[328-328]	328	2
COV	[329-329]	329	1
COV	[330-330]	330	2
COV	[333-333]	333	2
COV	[336-336]	336	3
COV	[337-337]	337	3
COV	[338-338]	338	2
COV	[339-339]	339	2
COV	[340-340]	340	1
COV	[342-342]	342	3
COV	[345-345]	345	1
# GC-depth. Use `grep ^GCD | cut -f 2-` to extract this part. The columns are: GC%, unique sequence percentiles, 10th, 25th, 50th, 75th and 90th depth percentile
GCD	0.0	1.021	0.000	0.005	0.005	0.005	0.005
GCD	3.0	1.141	0.005	0.005	0.005	0.010	0.010
GCD	9.0	1.261	0.005	0.005	0.005	0.005	0.005
GCD	10.0	1.321	0.010	0.010	0.010	0.010	0.010
GCD	12.0	1.381	0.005	0.005	0.005	0.005	0.005
GCD	13.0	1.441	0.040	0.040	0.040	0.040	0.040
GCD	14.0	1.502	0.010	0.010	0.010	0.010	0.010
GCD	15.0	1.562	0.010	0.010	0.010	0.010	0.010
GCD	16.0	1.802	0.005	0.005	0.005	0.010	0.025
GCD	17.0	1.982	0.005	0.005	0.010	0.060	0.060
GCD	18.0	2.162	0.005	0.005	0.005	0.005	0.005
GCD	19.0	2.703	0.005	0.005	0.010	0.015	0.025
GCD	20.0	2.883	0.005	0.005	0.015	0.020	0.020
GCD	21.0	3.063	0.010	0.010	0.035	0.085	0.085
GCD	22.0	3.183	0.005	0.005	0.005	0.015	0.015
GCD	23.0	3.483	0.010	0.010	0.035	0.040	0.095
GCD	24.0	3.724	0.005	0.005	0.005	0.020	0.050
GCD	25.0	3.844	0.005	0.005	0.005	0.005	0.005
GCD	26.0	4.144	0.005	0.005	0.015	0.020	0.025
GCD	27.0	4.444	0.005	0.005	0.020	0.055	0.070
GCD	28.0	5.165	0.005	0.005	0.005	0.015	0.035
GCD	29.0	5.526	0.005	0.005	0.015	0.025	0.225
GCD	30.0	5.946	0.005	0.005	0.015	0.015	0.025
GCD	31.0	6.246	0.005	0.005	0.010	0.040	0.085
GCD	32.0	6.426	0.015	0.015	0.025	0.030	0.030
GCD	33.0	6.787	0.005	0.005	0.005	0.010	0.020
GCD	34.0	7.087	0.005	0.005	0.020	0.035	0.085
GCD	35.0	7.327	0.010	0.010	0.010	0.200	11.930
GCD	36.0	7.508	0.005	0.005	0.010	12.450	12.450
GCD	37.0	8.288	0.005	0.005	0.015	0.340	3.445
GCD	38.0	9.129	0.005	0.010	0.020	0.055	0.970
GCD	39.0	9.550	0.005	0.010	0.020	0.070	5.085
GCD	40.0	10.330	0.005	0.015	1.045	3.770	8.390
GCD	41.0	11.111	0.005	0.020	1.625	7.115	62.420
GCD	42.0	11.532	0.020	0.020	0.145	0.585	4.535
GCD	43.0	12.432	0.005	0.025	0.515	1.090	7.420
GCD	44.0	13.574	0.185	0.320	3.445	7.495	26.280
GCD	45.0	15.195	0.005	0.115	2.600	10.245	23.570
GCD	46.0	16.697	0.005	0.425	3.120	8.670	21.315
GCD	47.0	19.279	0.005	1.230	6.445	16.105	44.150
GCD	48.0	21.982	0.060	0.855	6.250	21.150	32.355
GCD	49.0	26.246	0.005	0.315	3.675	15.160	28.775
GCD	50.0	31.411	0.070	0.605	5.060	16.960	40.400
GCD	51.0	38.679	0.210	2.175	9.465	26.875	39.985
GCD	52.0	49.009	0.055	0.840	8.975	31.565	52.720
GCD	53.0	59.880	0.255	3.540	11.910	37.575	59.730
GCD	54.0	70.150	0.235	1.730	8.510	25.440	55.855
GCD	55.0	77.598	0.225	1.030	7.560	22.175	48.910
GCD	56.0	83.544	0.050	0.230	2.585	7.685	17.580
GCD	57.0	87.147	0.020	0.450	1.710	4.555	10.035
GCD	58.0	90.150	0.030	0.110	0.485	3.135	12.850
GCD	59.0	92.012	0.010	0.145	0.895	5.310	8.375
GCD	60.0	92.853	0.005	0.115	0.595	0.890	2.555
GCD	61.0	93.514	0.005	0.010	0.360	0.540	3.890
GCD	62.0	94.114	0.005	0.005	0.010	0.125	0.410
GCD	63.0	94.234	0.005	0.005	0.005	0.140	0.140
GCD	64.0	94.835	0.005	0.005	0.005	0.010	0.030
GCD	65.0	95.075	0.005	0.005	0.010	0.020	0.380
GCD	66.0	95.375	0.005	0.005	0.060	0.465	2.010
GCD	67.0	95.616	0.010	0.010	0.010	0.015	0.175
GCD	68.0	95.796	0.005	0.005	0.030	13.100	13.100
GCD	69.0	96.156	0.005	0.005	0.010	0.035	0.080
GCD	70.0	96.216	0.685	0.685	0.685	0.685	0.685
GCD	71.0	96.577	0.005	0.005	0.015	0.045	0.050
GCD	72.0	97.117	0.005	0.005	0.015	0.020	0.030
GCD	73.0	97.538	0.010	0.010	0.015	0.020	0.080
GCD	74.0	97.598	0.010	0.010	0.010	0.010	0.010
GCD	75.0	97.718	0.005	0.005	0.005	0.010	0.010
GCD	76.0	98.018	0.005	0.005	0.015	0.015	0.035
GCD	77.0	98.198	0.005	0.005	0.010	0.025	0.025
GCD	78.0	98.438	0.005	0.005	0.005	0.005	0.035
GCD	79.0	98.739	0.005	0.005	0.010	0.020	0.030
GCD	80.0	98.859	0.010	0.010	0.010	0.010	0.010
GCD	81.0	99.039	0.005	0.005	0.005	0.010	0.010
GCD	82.0	99.279	0.005	0.005	0.010	0.015	0.075
GCD	83.0	99.459	0.005	0.005	0.005	0.005	0.005
GCD	84.0	99.640	0.005	0.005	0.010	0.025	0.025
GCD	86.0	99.760	0.005	0.005	0.005	0.020	0.020
GCD	87.0	99.880	0.005	0.005	0.005	0.005	0.005
GCD	90.0	99.940	0.005	0.005	0.005	0.005	0.005
GCD	95.0	100.000	0.005	0.005	0.005	0.005	0.005
