# This file was produced by samtools stats (1.9+htslib-1.9) and can be plotted using plot-bamstats
# This file contains statistics for all reads.
# The command line was:  stats -c 1,1000,1 ERR495231_merged.bam
# CHK, Checksum	[2]Read Names	[3]Sequences	[4]Qualities
# CHK, CRC32 of reads which passed filtering followed by addition (32bit overflow)
CHK	a6828cbb	c84d29ed	3d7ff651
# Summary Numbers. Use `grep ^SN | cut -f 2-` to extract this part.
SN	raw total sequences:	5605298
SN	filtered sequences:	0
SN	sequences:	5605298
SN	is sorted:	1
SN	1st fragments:	2800671
SN	last fragments:	2804627
SN	reads mapped:	5474630
SN	reads mapped and paired:	5458212	# paired-end technology bit set + both mates mapped
SN	reads unmapped:	130668
SN	reads properly paired:	5444844	# proper-pair bit set
SN	reads paired:	5605298	# paired-end technology bit set
SN	reads duplicated:	0	# PCR or optical duplicate bit set
SN	reads MQ0:	1682480	# mapped and MQ=0
SN	reads QC failed:	0
SN	non-primary alignments:	0
SN	total length:	560529800	# ignores clipping
SN	total first fragment length:	280067100	# ignores clipping
SN	total last fragment length:	280462700	# ignores clipping
SN	bases mapped:	547463000	# ignores clipping
SN	bases mapped (cigar):	545960269	# more accurate
SN	bases trimmed:	0
SN	bases duplicated:	0
SN	mismatches:	1796120	# from NM fields
SN	error rate:	3.289836e-03	# mismatches / bases mapped (cigar)
SN	average length:	100
SN	average first fragment length:	100
SN	average last fragment length:	100
SN	maximum length:	100
SN	maximum first fragment length:	100
SN	maximum last fragment length:	100
SN	average quality:	35.1
SN	insert size average:	263.5
SN	insert size standard deviation:	91.8
SN	inward oriented pairs:	2722241
SN	outward oriented pairs:	1368
SN	pairs with other orientation:	108
SN	pairs on different chromosomes:	5427
SN	percentage of properly paired reads (%):	97.1
# First Fragment Qualities. Use `grep ^FFQ | cut -f 2-` to extract this part.
# Columns correspond to qualities and rows to cycles. First column is the cycle number.
FFQ	1	594	0	0	0	0	0	0	0	0	0	8251	0	0	0	0	0	12654	0	0	181	0	0	1207	8503	0	13234	22633	31172	24242	0	138277	815889	0	237834	1486000	0	0	0	0	0	0	0	0
FFQ	2	38	0	0	0	0	0	0	0	0	0	3924	0	0	0	0	0	14048	0	0	1189	0	0	2428	7534	0	10701	21496	36338	21847	0	120668	733807	0	134720	1691933	0	0	0	0	0	0	0	0
FFQ	3	19	0	0	0	0	0	0	0	0	0	3941	0	0	0	0	0	9923	0	0	394	0	0	3065	6763	0	10607	21154	38560	22712	0	119095	712939	0	121214	1730285	0	0	0	0	0	0	0	0
FFQ	4	421	0	0	0	0	0	0	0	0	0	3558	0	0	0	0	0	3337	0	0	5273	0	0	2637	0	0	6332	10088	737	14916	405	26799	736	38863	65097	0	549488	0	2071984	0	0	0	0	0
FFQ	5	92	0	0	0	0	0	0	0	0	0	4669	0	0	0	0	0	4894	0	0	6114	0	0	3367	0	0	8823	13223	901	18069	371	32684	867	43246	72484	0	553537	0	2037330	0	0	0	0	0
FFQ	6	0	0	0	0	0	0	1	0	1456	0	2883	753	0	0	0	1510	2008	4566	1616	1524	0	1039	344	4888	0	10775	9755	3360	11853	6575	31771	13254	54174	55319	1	521718	36928	2022600	0	0	0	0	0
FFQ	7	14	0	0	0	0	0	0	0	1413	0	2866	704	1	0	1	1817	2050	4615	1676	1509	0	1017	337	4905	1	11146	9877	4573	11739	6530	32408	13977	55368	56921	2	526572	37773	2010859	0	0	0	0	0
FFQ	8	77	0	0	0	0	1	2	0	1785	0	3560	973	1	1	1	1900	2223	5143	1728	1656	2	1149	376	5341	1	11643	10177	6715	9959	6496	32378	14780	56650	57977	2	529029	38710	2000235	0	0	0	0	0
FFQ	9	0	0	0	0	0	3	5	2	1560	0	2857	748	3	1	2	1940	2043	4794	1968	1567	4	1099	348	5160	5	11628	4039	14586	7753	6605	32902	10773	48623	36555	33241	160660	106	301510	158366	1949215	0	0	0
FFQ	10	3	0	0	0	0	2	13	1	1641	4	2946	780	7	3	2	1794	2155	4390	1854	1673	9	1264	365	5259	16	12046	4097	17032	5351	6552	33559	10358	48930	36983	32771	162601	75	302388	161840	1941907	0	0	0
FFQ	11	5	0	0	0	0	5	12	11	1779	5	2974	758	9	5	4	1793	2291	4149	1821	1662	19	1256	342	5252	48	11854	3967	19254	3172	6641	33976	10255	49564	37253	33247	163365	88	304149	163699	1935987	0	0	0
FFQ	12	0	0	0	0	0	2	23	17	1887	15	3135	928	18	4	15	1830	2326	4311	1917	1590	31	1280	401	5477	142	11873	4205	20541	1701	6779	34961	9969	49817	37779	33072	163521	116	304180	166816	1929992	0	0	0
FFQ	13	1	0	0	0	0	2	25	18	1728	45	3029	750	29	11	20	2041	2396	4352	2051	1664	34	1301	440	5598	243	12228	4201	21041	1499	6862	35959	9856	50053	38471	32953	164773	129	306543	170499	1919826	0	0	0
FFQ	14	0	0	0	0	0	9	43	20	1524	49	2529	644	33	16	21	331	3304	4518	1938	1674	51	1389	436	3618	2494	12298	4213	20676	1452	6915	17289	27606	32860	43609	36003	30839	104267	89031	248827	188737	528896	1382512	0
FFQ	15	0	0	0	0	0	4	41	33	1666	82	2583	641	38	20	36	412	3259	4004	1967	1579	46	1532	447	3787	2755	12201	4428	20086	1473	6787	18171	27187	32872	44495	35074	32221	104058	89741	251549	188630	531433	1375333	0
FFQ	16	38	0	0	0	0	6	49	48	1803	172	2822	657	46	29	41	571	3270	3883	1940	1712	77	1631	513	3974	3009	12207	4411	19831	1606	6917	18901	26835	31842	45128	34615	33521	103270	89617	252460	188426	537362	1367431	0
FFQ	17	0	0	0	0	0	9	60	47	1986	200	2712	686	58	34	47	756	3408	3974	2087	1744	110	1798	536	4189	3422	12621	4657	19934	1679	7072	20719	27628	32119	45976	35094	35319	103416	90275	254761	188924	536979	1355635	0
FFQ	18	86	0	0	0	0	13	91	90	2168	349	3067	754	71	58	85	926	3701	4431	2091	1928	130	1918	586	4409	4034	12578	4861	20003	1736	7398	21813	27705	32091	47086	35378	37635	102035	92248	257419	190216	540455	1339028	0
FFQ	19	0	0	0	0	0	8	140	88	2179	481	2787	653	85	81	98	1123	3457	1194	5627	1907	162	2075	622	4591	4426	12682	4953	19456	1874	7376	23294	27994	31644	32646	50702	40220	88540	97769	228005	220484	546973	1334275	0
FFQ	20	31	0	0	0	0	9	152	118	2253	560	2589	560	112	80	104	1404	3615	1316	5060	1871	197	2355	729	4843	5123	12793	5323	18880	2100	7846	24689	28471	31031	33445	50887	42765	87923	97944	231837	221583	549865	1320208	0
FFQ	21	88	0	0	0	0	11	198	172	2211	645	2198	469	134	93	146	1568	3594	1302	4338	1906	255	2489	793	4921	5438	12390	5344	17640	2086	7709	26084	28369	29924	34180	50226	45817	87288	98179	234651	223305	552032	1312478	0
FFQ	22	10	0	0	0	0	13	262	218	2835	1067	2548	561	198	159	185	1979	3994	1473	4027	2090	297	2968	900	5078	6221	12583	5627	17881	2280	8017	28068	28635	29224	35647	49547	49753	87240	98974	237883	221931	551951	1298347	0
FFQ	23	0	0	0	0	0	26	303	252	2579	981	1899	395	224	190	248	2337	3904	1533	3678	2153	363	3193	1029	5354	6983	12721	5944	16843	2578	7993	30175	29096	28979	36615	49772	53561	86059	100144	242365	224101	552274	1283827	0
FFQ	24	0	0	0	0	0	21	363	332	2959	1390	1941	378	283	247	321	2515	3835	1381	3394	2122	492	3592	1205	5583	7394	12633	6306	15969	2821	8028	31561	29617	28293	38191	49922	57758	85908	102398	248593	217504	547473	1277948	0
FFQ	25	0	0	0	0	0	32	473	404	3018	1447	1650	343	357	246	388	3006	3985	1400	3170	2218	610	4056	1429	5766	8074	13068	6881	15624	3322	8336	33474	30407	27546	40267	48791	62980	85563	103580	253897	217794	554502	1252567	0
FFQ	26	196	0	0	0	0	77	755	793	4731	2541	2245	407	452	354	480	3551	4153	1503	3080	2418	659	4404	1558	5665	8270	12478	7275	14649	3650	8552	34085	30888	26806	41870	47808	67480	84818	105181	255692	216458	562878	1231811	0
FFQ	27	197	0	0	0	0	83	928	947	5002	2990	1931	381	597	529	635	4215	4381	1535	2990	2616	894	4907	1804	5848	8799	13053	7823	14574	4193	8783	35364	31690	26695	43770	47810	72997	84207	106650	257900	214940	567065	1210948	0
FFQ	28	88	0	0	0	0	119	1156	1123	5366	3503	1659	406	730	674	729	4683	4510	1459	2911	2615	1061	5344	2136	6093	9253	12812	8375	14144	4731	9342	36557	32298	26639	46179	47313	78597	83102	109062	260161	214342	570481	1190918	0
FFQ	29	1	0	0	0	0	134	1275	1320	5088	3427	1248	380	814	762	887	5048	4277	1356	2715	2798	1251	5824	2506	6233	9759	12959	9198	13811	5311	9533	37840	33583	26620	48386	47254	84331	83125	111966	261830	215114	571588	1171119	0
FFQ	30	14	0	0	0	0	167	1531	1600	5459	3829	1027	383	988	926	959	5399	4080	1112	2882	2865	1407	5690	2656	6922	10022	12196	9947	13648	6335	10076	38049	34659	26829	51232	47358	90819	82783	114939	264895	216279	572131	1148578	0
FFQ	31	106	0	0	0	0	178	1794	1903	5634	4191	816	435	1175	1068	1198	5696	3875	1120	2966	2967	1756	5989	3029	7301	10232	12232	10720	13351	6952	10327	38414	35956	27761	53638	47571	97073	83311	118859	266113	217438	573011	1124515	0
FFQ	32	19	0	0	0	0	222	2056	2027	5351	3922	584	462	1284	1242	1297	5755	3445	967	2986	3128	1946	6412	3455	7512	10242	11952	11608	13180	7933	10726	38434	36805	28052	56414	48187	103838	84154	122877	266041	221661	571298	1103197	0
FFQ	33	206	0	0	0	0	275	2279	2313	5312	4089	456	522	1423	1332	1531	5623	3219	965	2982	3220	2236	6875	3741	7966	10489	11171	12572	13225	8870	11556	38119	38367	29445	59455	49583	111649	85814	126759	267250	224297	566943	1078542	0
FFQ	34	41	0	0	0	0	314	2450	2562	5473	4163	343	613	1579	1538	1740	5804	2817	929	3341	3375	2615	7185	4189	8372	10699	10708	13665	13316	10007	12269	37421	39356	30221	61987	50773	119744	88523	132087	265926	228645	564611	1051270	0
FFQ	35	0	0	0	0	0	399	2867	2938	5457	4058	250	653	1672	1764	1871	5651	2674	921	3432	3606	2914	7203	4615	8626	11336	10059	15005	13172	11279	12929	37292	40684	31867	65576	53203	128790	90557	137955	265007	233324	557899	1023166	0
FFQ	36	30	0	0	0	0	445	3205	3303	5508	4204	223	802	1937	2027	2088	5714	2472	976	3760	3640	3392	7595	4974	8961	11171	9555	16168	13453	12702	13480	36860	42317	33410	68768	55954	137933	94578	143833	263607	238220	552378	991028	0
FFQ	37	143	0	0	0	0	501	3460	3575	5468	4035	216	965	2164	2188	2306	5587	2256	1051	4101	3751	3842	8038	5565	9386	11618	9080	17894	13795	14105	14550	36245	43608	35213	71902	58895	150122	98553	149566	261053	244522	543649	957703	0
FFQ	38	4	0	0	0	0	601	3846	4060	5566	3808	250	1025	2316	2506	2498	5556	2090	1124	4269	4042	4392	8528	6035	9975	11710	8561	19032	13967	15343	15366	36095	45649	37022	75669	62537	162272	103331	156389	258489	250136	533640	922972	0
FFQ	39	89	0	0	0	0	703	4228	4534	5808	3866	285	1252	2679	2789	2870	5356	1914	1273	4714	4137	4755	7020	6363	12604	11964	8074	20514	14169	17006	16633	36033	46997	38945	79695	67492	176615	108674	162408	251662	258439	522471	885641	0
FFQ	40	181	0	0	0	0	603	3514	3801	4631	2752	275	1299	2435	2671	2412	4658	1518	1192	4239	3245	4786	6192	6157	11656	10614	7289	19173	12390	17109	15145	33473	44093	37521	78357	67035	197729	107496	172086	225223	291333	502889	893499	0
FFQ	41	0	0	0	0	0	661	3762	4149	4678	2748	320	1390	2524	2989	2552	4626	1430	1210	4586	3380	4882	6306	6141	11862	10341	6451	19354	12641	17426	15978	31981	43750	38110	78827	69380	220795	112702	176985	215791	284094	480063	895806	0
FFQ	42	68	0	0	0	0	780	3880	4290	4779	2612	342	1551	2613	3151	2650	4385	1437	1301	4924	3356	5392	6437	6602	12395	10330	6107	20368	12474	18518	16885	31327	44648	39271	80530	72803	244858	119968	185702	206362	283146	456538	877891	0
FFQ	43	0	0	0	0	0	868	3807	4537	4678	2236	368	1653	2618	3356	2752	4186	1411	1386	5092	3504	5512	6616	6939	12940	10293	6107	21604	12373	19439	18006	31378	45939	40320	83688	78393	271104	124893	194835	199686	285319	436894	845941	0
FFQ	44	0	0	0	0	0	985	4145	4916	4810	2033	454	1767	2661	3368	2789	3909	1395	1523	5569	3571	6123	6829	7113	13330	10556	5878	22565	12975	20735	19160	31381	47267	42208	87991	83703	299568	132453	203205	192222	288345	417176	805993	0
FFQ	45	26	0	0	0	0	1081	4200	5224	4813	1881	526	1992	2637	3451	2744	3500	1015	1569	5214	3368	8730	5030	7277	14796	10700	6812	24019	12988	21782	20438	32217	49078	44033	92278	89773	330291	139092	210925	185633	292356	399343	759839	0
FFQ	46	35	0	0	0	0	1208	4324	5367	4777	1658	570	2093	2715	3459	2937	3264	975	1728	5429	3408	9404	4956	7523	15660	10466	6872	24733	13221	22300	21987	32728	50272	45609	97081	96017	364277	146247	219090	176934	295092	379616	716639	0
FFQ	47	258	0	0	0	0	1458	5333	6729	6366	2016	727	2524	3060	3874	3181	3399	1038	1866	6297	3633	10300	5210	8052	16687	10866	7147	25952	13563	23285	23322	33750	52235	47192	102211	102793	398400	153491	225478	169204	295790	357752	666232	0
FFQ	48	0	0	0	0	0	1470	4351	6057	5190	1278	836	2786	3161	4103	3072	3386	941	1993	6390	3327	11239	5265	8436	17792	11036	7282	27110	13771	24516	24426	35286	53654	49401	107263	110267	435988	161551	232045	160513	296310	337397	621782	0
FFQ	49	286	0	0	0	0	1673	4674	6460	5296	1221	862	2813	2894	3970	2976	3029	931	2079	6568	3126	11752	5041	8591	14887	13303	6192	27344	16510	24731	26518	35997	56082	50500	113503	117679	475932	168567	238175	146809	300147	318211	575342	0
FFQ	50	0	0	0	0	0	1853	5457	8203	6478	1414	1082	3188	3417	4499	3261	3317	1020	2412	7635	3214	12895	5351	9050	15874	13973	6347	28234	17290	24971	27681	37472	57417	51961	119414	125938	515834	175130	241634	139394	295013	295495	527853	0
FFQ	51	59	0	0	0	0	2006	4578	7455	5475	864	1235	3342	3237	4435	3043	3381	999	2399	7883	2979	14460	5230	9531	16351	14505	6567	29515	17753	25949	29082	39276	59009	53543	125478	133803	559570	181233	245198	131153	289485	276409	484201	0
FFQ	52	28	0	0	0	0	2219	4461	7714	5083	731	1301	3285	3085	3903	2964	3325	953	2590	8263	2831	14671	5168	9480	16805	15064	6728	29899	18646	25804	30776	40599	62413	55173	132442	142044	605096	186441	247247	123828	281419	256251	441941	0
FFQ	53	371	0	0	0	0	2564	4761	8578	5676	725	1396	3395	3188	3942	2911	3522	952	2742	8799	2616	15878	5018	9564	17229	15462	7032	30177	19403	25407	31894	42247	63223	56660	138891	150793	650448	191661	247140	117024	272052	235525	401805	0
FFQ	54	266	0	0	0	0	2773	4674	8633	5579	564	1615	3799	3333	4079	2890	3778	945	2920	9104	2522	16834	5095	9805	17979	16112	7284	30474	20216	25053	33348	43089	65460	57272	144992	159440	697540	195645	245217	108672	263158	216768	363744	0
FFQ	55	0	0	0	0	0	2946	4618	9067	5506	446	1779	3915	2981	3826	3296	3968	836	3159	9637	2389	16993	6193	9983	18715	10588	13828	30959	20644	24993	35064	44479	67029	58991	152393	167050	744293	198819	240252	102922	251942	198289	327883	0
FFQ	56	0	0	0	0	0	3194	4389	9681	5386	360	1951	4038	2781	3696	3331	4163	810	3368	10021	2180	18008	6137	10131	19283	10745	14764	31072	21703	24904	36214	46346	69261	60128	159572	175844	789027	202306	236242	95534	240468	181189	292444	0
FFQ	57	5	0	0	0	0	3399	4180	9689	5312	305	2162	3915	2659	3445	3202	4494	799	3540	10641	1971	18943	6273	10024	20092	11000	15367	31078	22472	24035	36854	47268	71126	60672	167225	184731	836640	204213	231288	86864	228175	164084	262529	0
FFQ	58	5	0	0	0	0	3683	4155	10247	5226	226	2301	3828	2733	3283	3217	4878	859	3760	10977	1765	19747	6236	10306	21149	11325	16457	30817	23266	23760	38084	48820	72871	62593	173940	190973	882595	205047	225312	80329	214776	148052	233073	0
FFQ	59	101	0	0	0	0	4245	4518	12050	5772	196	2608	3992	2913	3344	2474	5256	829	3913	12666	1740	17297	4710	15877	14751	8636	15496	42945	25286	22790	39109	49901	75175	63263	180987	199506	923475	204467	217643	73609	200323	132711	206097	0
FFQ	60	5	0	0	0	0	4467	4029	11575	5577	175	3049	4469	2999	3534	2370	5714	773	4151	13160	1522	18753	4641	16769	15368	8915	16505	44153	26297	22859	40680	51087	77862	64522	187890	207403	963657	204469	208388	66663	186351	119099	180771	0
FFQ	61	13	0	0	0	0	4624	3785	11931	5432	131	3356	4249	3026	3276	2280	6208	747	4242	13671	1380	19579	4407	17457	15390	8916	17124	44917	28070	22071	41994	52636	80163	66160	196534	215144	1001829	203213	198887	61407	172739	105848	157835	0
FFQ	62	0	0	0	0	0	5044	3640	12560	5334	69	3430	4315	3006	2984	2260	6548	710	4766	14155	1188	20006	4207	18203	15781	8794	18111	45261	29173	21351	42326	53707	82432	67026	203864	224981	1038396	200747	188580	55725	159832	94307	137852	0
FFQ	63	0	0	0	0	0	5312	3560	12998	5330	83	3673	4115	3091	2739	2079	6974	744	4743	14956	1067	20816	4148	18579	16040	8821	18945	45652	30562	20488	43629	54679	83948	68197	209455	231411	1076753	197908	178146	50300	146983	83973	119774	0
FFQ	64	0	0	0	0	0	5745	3388	13817	5325	51	4032	4031	3149	2475	1922	7471	693	5143	15453	920	21848	3866	19630	16329	8907	19806	46287	32243	19698	44292	55894	86158	69432	217173	239094	1107177	194445	167467	45547	133295	74337	104131	0
FFQ	65	28	0	0	0	0	6021	3199	14093	5314	36	4256	3932	3335	2226	1902	7340	1246	5008	10746	6177	22326	3760	12866	23684	8827	20862	43585	18947	18052	62411	55837	87540	69897	222292	245748	1142647	190375	157736	40984	121566	65326	90544	0
FFQ	66	124	0	0	0	0	6287	2955	14200	5115	23	4438	3817	3239	2016	1602	7488	1122	5106	10103	6019	21675	3286	12267	23017	8363	20504	41872	19001	16232	62368	54312	86786	69951	223601	245350	1191885	189166	149318	32957	116533	55984	82589	0
FFQ	67	31	0	0	0	0	6358	2667	13563	5015	24	4950	3946	3311	1931	1434	7923	1131	5344	10300	6410	22529	3103	12804	23641	8255	21267	41027	19017	15094	62823	53737	85584	68163	223334	244253	1237236	186224	141292	28591	105153	48031	75175	0
FFQ	68	39	0	0	0	0	6849	2423	14266	4988	9	5072	3490	3231	1706	1391	8240	1172	5584	10329	6932	22840	2821	12978	24324	8227	22125	40917	19527	14100	63865	53516	86311	68401	224977	246354	1270668	183724	132027	25051	94958	40922	66317	0
FFQ	69	0	0	0	0	0	7058	2301	14962	5170	12	5498	3397	3333	1510	1296	8733	1202	5716	10483	7202	22992	2739	13213	24717	8261	22901	40421	19574	13217	64957	53862	88030	68762	227938	251793	1296795	179644	122089	22229	86366	35228	57070	0
FFQ	70	46	0	0	0	0	7395	2086	15558	5043	11	5935	3163	3433	1376	1230	9067	1149	5958	10712	7536	23740	2586	3261	16261	27462	23915	40427	20545	12277	66326	53832	88121	69093	232739	255970	1318856	176543	112813	19820	77768	30186	48432	0
FFQ	71	0	0	0	0	0	7517	2007	15669	5071	9	6285	3229	3478	1283	1106	9508	1199	6037	10679	8205	24231	2402	3050	16111	27926	24647	39978	21240	11499	67273	54028	89644	69681	235987	259925	1340415	173241	104009	17171	69848	25794	41289	0
FFQ	72	25	0	0	0	0	8252	1900	16824	5147	10	6646	3030	3735	1152	1072	9897	1233	6276	11076	8425	24646	2187	2995	16563	28834	25889	39809	21757	10566	69700	53783	91194	70733	239544	264267	1355459	169082	95118	15327	62623	21788	34107	0
FFQ	73	152	0	0	0	0	8306	1688	16901	5230	15	6959	2916	3760	1100	903	10252	1228	6499	11010	8932	25438	2040	2836	16622	30142	26664	38887	22057	9802	70176	54140	92170	71324	243514	267286	1372775	165349	87460	13127	56216	18320	28475	0
FFQ	74	157	0	0	0	0	8808	1606	17187	5198	10	7340	2779	3949	970	913	10539	1275	6808	11337	9433	25761	1833	2666	16942	30827	27495	39268	23143	8934	71896	53899	93005	71896	246253	272742	1384788	160605	80114	11492	49994	15414	23395	0
FFQ	75	0	0	0	0	0	9614	1614	19080	5504	9	8005	2813	3996	937	900	11240	1300	7025	11811	9980	26678	1827	2569	17402	31830	28936	15767	47080	8424	74185	54215	94602	72765	248632	276734	1389995	156451	73209	9797	44063	12613	19069	0
FFQ	76	170	0	0	0	0	9040	1376	17723	9633	71	15444	5140	3605	1692	530	20325	998	12673	12736	20809	54750	2615	3110	35335	71460	58341	34356	112232	20354	175111	122776	235839	193369	370372	507039	535107	67549	25980	7259	28719	5124	1909	0
FFQ	77	224	0	0	0	0	9469	1154	17692	7081	18	11168	3253	3377	989	527	15123	1036	9122	10775	14501	36166	1671	2037	22901	46907	38921	19502	72426	10630	114569	80064	163473	128390	420451	505057	860322	84129	36545	6617	35206	7425	1753	0
FFQ	78	87	0	0	0	0	9421	1008	17633	6058	18	9536	2327	3517	662	529	13058	1089	7816	10282	12163	29585	1262	1770	18868	37430	32537	14444	57017	7135	88487	60062	117421	90385	313582	361396	1261640	114286	48988	5670	30534	8511	4457	0
FFQ	79	149	0	0	0	0	9247	847	17327	5724	18	9313	2128	3707	559	465	12370	1120	7222	10161	11408	27148	1138	1757	17182	34464	29949	12035	51050	5627	78834	53302	100030	77004	267412	301700	1422726	134517	49873	4995	25954	5973	6236	0
FFQ	80	167	0	0	0	0	9742	761	17320	5480	14	8880	1871	3667	437	417	12232	1171	7198	10212	11343	26156	978	1658	16768	33287	29320	10597	49461	4736	75250	50310	94252	72343	252308	281906	1485070	142135	46599	4125	22467	4315	5718	0
FFQ	81	225	0	0	0	0	9701	654	17160	5397	17	8839	1581	3789	362	369	12152	1177	7157	10324	11252	25531	866	1587	16456	32880	29162	9402	48833	4233	73371	49748	91420	70802	247713	276135	1515388	143808	42819	3249	19343	3117	4652	0
FFQ	82	374	0	0	0	0	10048	548	17716	5450	7	9174	1464	3859	349	328	12245	1158	7251	10575	11409	25483	745	1559	16237	32749	29364	8610	48883	3766	73870	48924	90239	69482	246517	274988	1530345	143793	38646	2578	16183	2347	3408	0
FFQ	83	168	0	0	0	0	10125	528	17672	5519	12	9376	1327	3995	283	329	12510	1227	7225	10414	11720	25583	739	1471	16440	32942	29609	7964	49442	3271	73360	48161	90100	69205	247045	274507	1541519	142505	34402	2164	13625	1675	2512	0
FFQ	84	282	0	0	0	0	10312	479	18275	5616	12	9734	1234	4116	239	281	12573	1284	7484	10652	11861	25687	657	1535	16234	33551	30066	7347	49917	2948	74500	48243	90998	69670	248333	275741	1544145	140208	30493	1645	11284	1217	1818	0
FFQ	85	198	0	0	0	0	10806	412	18583	5576	10	9987	1183	4159	213	253	12726	1206	7474	11123	12375	25682	516	1505	16397	33968	30945	6685	50509	2766	74929	48416	91342	69751	249417	278511	1545295	138549	26655	1361	9139	807	1242	0
FFQ	86	554	0	0	0	0	11077	355	19383	5700	13	10133	1013	4171	176	242	13122	1252	7518	10892	12889	26064	499	1470	16886	34513	31654	6348	51727	2464	75778	48440	91969	70060	251258	280877	1542847	136397	23363	1121	7087	570	789	0
FFQ	87	10	0	0	0	0	12019	376	21673	6066	15	11418	1078	4318	179	215	13735	1330	7842	11497	13235	26328	449	1502	16927	35175	32748	5778	52727	2110	77381	48751	92754	71715	251869	282628	1535729	133460	20396	854	5496	365	523	0
FFQ	88	24	0	0	0	0	11561	326	20364	6419	23	11846	1054	4401	147	174	13853	1276	8299	11607	14048	26985	416	1463	17356	36009	33343	5536	53783	1978	78496	48828	93851	71909	254311	284649	1532103	131310	17611	641	4113	224	334	0
FFQ	89	0	0	0	0	0	11694	290	20669	6260	20	11253	941	4466	101	149	13995	1313	8470	11647	14023	26679	343	1406	17600	36530	34124	5092	54455	1761	79157	49490	95209	72420	256785	287860	1528386	129038	15192	459	3077	129	188	0
FFQ	90	0	0	0	0	0	12099	233	21017	6363	18	11355	754	4495	104	138	14047	1442	8352	11734	14530	27031	312	1447	17760	36557	34102	4748	55669	1583	79978	50118	96326	73734	257550	291114	1523891	126438	12860	326	2288	80	78	0
FFQ	91	23	0	0	0	0	12458	178	21554	6210	9	11478	673	4629	65	133	14468	1435	8281	12326	14545	27448	230	1411	17564	37186	34138	4324	55530	1384	80504	50152	96769	74231	259799	293146	1521117	124402	10888	239	1682	23	39	0
FFQ	92	0	0	0	0	0	12742	191	21644	6380	12	11766	635	4687	54	97	14810	1460	8605	12126	14791	27425	228	1346	18129	37820	34948	4084	56235	1191	81470	50221	97673	74258	260094	294847	1517897	122388	9153	160	1087	9	8	0
FFQ	93	162	0	0	0	0	12977	180	22224	6576	22	11817	558	4690	56	113	14925	1471	8797	12342	15104	27479	199	1451	18143	37736	35471	3676	56994	1083	81576	50849	97763	74976	260779	296226	1514936	120919	7560	102	737	0	2	0
FFQ	94	0	0	0	0	0	13486	129	22745	6600	23	12369	553	4604	47	78	15283	1495	8612	12753	15129	27625	166	1450	18466	38280	35502	3456	57712	944	82536	50316	98804	75290	263405	298832	1507378	119772	6282	60	489	0	0	0
FFQ	95	107	0	0	0	0	14456	149	25691	7157	25	13066	603	75	5005	68	15571	1531	8725	13167	15708	27727	164	1511	18486	38988	36294	3268	58176	885	83029	50230	99204	75296	263352	299199	1500586	117634	5200	51	287	0	0	0
FFQ	96	1	0	0	0	0	14091	109	24004	7346	40	14040	551	63	4973	70	15787	1525	9091	13084	16398	28378	158	1563	18753	39564	37707	3079	58870	745	84033	50972	100639	75788	264353	301137	1493395	116021	4171	17	155	0	0	0
FFQ	97	5	0	0	0	0	14278	80	24061	7208	25	13603	465	63	4790	57	16024	1602	9220	13192	16441	28709	99	1513	18838	39626	37749	2837	59934	716	84605	51444	101330	76881	266870	303752	1486425	114712	3430	10	77	0	0	0
FFQ	98	115	0	0	0	0	14463	73	24795	7251	34	13642	406	48	5060	57	16245	1583	9207	13612	16446	28388	87	1617	18825	39987	37995	2606	60583	605	85811	52106	102526	77262	268813	307061	1477509	112970	2850	5	28	0	0	0
FFQ	99	137	0	0	0	0	14803	53	25360	7334	21	13837	382	40	5035	44	16184	1654	9444	13747	16712	28729	69	1646	19294	40498	38349	2490	60615	555	85892	51710	103035	78200	269694	308587	1472064	112056	2396	1	4	0	0	0
FFQ	100	100	0	0	0	0	17299	82	30628	8661	19	16429	400	35	6420	57	20022	2086	11797	17364	21025	35801	84	1806	24361	50228	48637	2610	75487	628	105540	63422	127501	94867	303294	363782	1258760	89865	1574	0	0	0	0	0
# Last Fragment Qualities. Use `grep ^LFQ | cut -f 2-` to extract this part.
# Columns correspond to qualities and rows to cycles. First column is the cycle number.
LFQ	1	1845	0	0	0	0	0	0	8358	0	0	12170	0	3359	0	0	2423	18523	0	1528	87	1941	0	6549	14017	1828	20250	42580	43112	53307	3712	162970	868956	0	195708	1341404	0	0	0	0	0	0	0	0
LFQ	2	855	0	0	0	0	0	0	9242	0	0	11626	0	3174	0	0	3276	19438	0	1592	96	2073	0	7690	12782	1811	18312	39799	52067	47968	3552	142545	792610	0	110812	1523307	0	0	0	0	0	0	0	0
LFQ	3	828	0	0	0	0	0	0	9620	0	0	11667	0	3110	0	0	2489	19482	0	1596	39	2147	0	8691	12383	1781	17748	39666	55470	47224	3558	139027	766082	0	96464	1565555	0	0	0	0	0	0	0	0
LFQ	4	1270	0	0	0	0	0	0	9631	0	0	11700	0	3064	0	0	0	7611	6792	1637	6966	2200	0	6282	2146	1761	11874	17050	9565	26376	1238	42682	6339	67192	81074	0	570343	0	1909834	0	0	0	0	0
LFQ	5	1591	0	0	0	0	0	0	10021	0	0	11581	0	3207	0	0	0	7834	6825	1595	6749	2104	0	6487	2175	1789	11719	17310	9687	26096	1238	42421	5920	67484	80795	0	573710	0	1906289	0	0	0	0	0
LFQ	6	699	0	0	0	0	0	134	5712	7734	0	5913	1539	1415	1748	401	4341	2978	9865	3021	2718	924	1850	3255	8121	1453	13094	12013	11177	17690	8908	40088	22724	75180	58591	3	537303	37859	1906176	0	0	0	0	0
LFQ	7	1012	0	0	0	0	115	72	5745	8116	0	6379	1713	1459	1783	311	4325	3208	9694	3092	2701	940	1872	3333	8265	1461	13239	12184	12644	16034	9285	40075	22126	75024	58183	4	537414	38559	1904260	0	0	0	0	0
LFQ	8	416	0	0	0	0	151	77	5813	7925	0	5896	1560	1471	1845	353	4498	3086	9734	3095	2590	955	1847	3219	8223	1370	13446	12387	14871	13931	9216	40606	21470	75285	57821	4	536865	38312	1906289	0	0	0	0	0
LFQ	9	722	0	0	0	0	196	72	5959	8441	0	6251	1678	1476	1857	354	4454	3068	9058	3187	2697	900	1886	3310	8229	1396	13304	5834	23157	11897	9173	40506	16811	58656	40607	38217	168919	176	301348	157183	1853648	0	0	0
LFQ	10	952	0	0	0	0	217	137	6039	8709	2	6635	1722	1532	1858	342	4422	3312	9206	3320	2870	967	2094	3440	8597	1477	13753	5960	25418	9667	9660	41757	16151	59140	41245	37505	170486	139	301744	160857	1843295	0	0	0
LFQ	11	481	0	0	0	0	273	153	6069	8434	19	6121	1589	1543	1907	370	4374	3155	9388	3361	2972	957	2202	3351	8587	1531	13858	5899	27727	7594	9688	42089	16084	59783	41850	38045	171356	157	303273	162815	1837572	0	0	0
LFQ	12	1168	0	0	0	0	298	203	6105	8488	58	6146	1524	1614	1997	357	4561	3154	8975	3383	2914	984	2205	3520	8355	1666	14012	5969	28683	6314	9473	42234	15346	59200	41935	37451	171444	180	304871	164351	1835489	0	0	0
LFQ	13	910	0	0	0	0	336	240	6243	8856	93	6121	1651	1569	2015	386	4445	3272	8894	3512	3155	1036	2207	3455	8626	1765	14070	6022	28910	6060	9725	42817	14534	59296	42337	36717	172118	159	305326	166220	1831529	0	0	0
LFQ	14	1108	0	0	0	0	361	285	6389	8975	164	6159	1557	1639	2101	443	1183	5376	9939	3463	3164	1051	2341	3522	6352	4303	14273	6123	28299	6060	9596	24042	32096	42445	47806	39661	31607	109622	88691	250983	186475	521009	1295964	0
LFQ	15	1108	0	0	0	0	395	362	6768	9389	296	6218	1583	1729	2057	468	1408	5691	10000	3476	3247	1009	2450	3555	6456	4480	14504	6302	27817	6108	9898	24652	31736	42102	48913	38656	33430	108699	88281	251798	186444	522436	1290706	0
LFQ	16	721	0	0	0	0	422	476	6915	10006	426	6396	1709	1789	2108	443	1695	5957	9832	3703	3425	1008	2669	3468	6680	4966	14712	6285	27949	6360	9659	25605	31861	41724	49764	38674	34392	108097	89416	252764	186085	524499	1281967	0
LFQ	17	486	0	0	0	0	478	589	6868	10174	576	6100	1534	1789	2202	466	1940	6105	9354	3685	3508	1066	2718	3504	6775	5328	14847	6604	27359	6294	9961	26999	31785	41334	49245	39003	36412	107469	89950	253914	187556	526466	1274184	0
LFQ	18	243	0	0	0	0	484	676	6811	10193	815	5927	1482	1759	2308	537	2209	6128	9193	3813	3530	1137	2948	3399	6749	5816	15151	6564	26586	6513	9633	28515	31785	41098	50191	38098	38873	106492	91379	255973	187881	526939	1266799	0
LFQ	19	942	0	0	0	0	515	797	6973	10654	1112	5642	1417	1822	2338	529	2596	5697	3139	9683	3465	1205	3191	3473	7077	6543	14915	7293	25620	6897	9850	29896	31866	40021	35817	53810	41173	89854	97384	227122	215888	534512	1263899	0
LFQ	20	605	0	0	0	0	574	1048	6905	11029	1346	5419	1250	1966	2270	562	2991	6090	3637	8714	3636	1274	3446	3535	7379	6878	15437	7292	24566	7196	10151	31443	31636	39683	36652	52941	44336	90034	97994	230103	217958	534958	1251693	0
LFQ	21	518	0	0	0	0	650	1214	7138	11251	1725	5186	1186	1967	2388	601	3401	6464	3620	7766	3775	1406	3696	3590	7272	7633	15695	7639	24003	7408	10221	33454	31727	38500	37367	52519	47294	89690	97642	233598	218555	535882	1240986	0
LFQ	22	841	0	0	0	0	702	1410	7364	11628	2136	4990	1093	2015	2424	735	4019	6668	3689	6967	3826	1528	4034	3653	7469	8148	15857	7867	23097	7823	10556	34733	32309	37600	39030	51471	51369	88529	98621	236358	218267	537818	1227983	0
LFQ	23	598	0	0	0	0	718	1665	7356	12109	2604	4520	987	2194	2456	777	4590	7004	3736	6593	3869	1640	4364	3795	7534	8859	16118	8106	21915	7956	10452	36826	32148	37033	40156	51291	55197	88698	99934	240611	219258	538447	1212513	0
LFQ	24	1113	0	0	0	0	799	1870	7668	12348	2967	4057	933	2271	2705	866	5129	7194	3266	6079	4017	1724	4827	4124	7647	9525	16595	8420	21115	8493	10879	38672	32739	36152	41534	50143	59622	87023	100531	246021	212308	533076	1210175	0
LFQ	25	821	0	0	0	0	903	2158	7724	12241	3491	3457	880	2352	2711	924	5778	7592	3276	5575	3968	1895	5181	4260	7641	9934	16800	8958	20239	9033	10925	39845	33264	35258	43516	49429	64409	86700	101937	249741	211515	538692	1191604	0
LFQ	26	940	0	0	0	0	993	2536	7093	12939	4235	3305	773	2486	2906	1088	6321	7120	2856	5629	4102	2160	5919	4538	7906	10566	16615	9660	19590	9781	11366	41400	33872	35659	45562	48808	69968	85818	103331	251809	209497	543778	1171702	0
LFQ	27	298	0	0	0	0	1145	2795	7311	12980	4593	2904	819	2609	2950	1268	6854	7494	2759	5289	4272	2380	6227	4783	8146	11003	16738	10034	18759	11059	11920	42686	33740	35342	48364	48064	74896	85128	105613	253477	209300	547808	1152820	0
LFQ	28	646	0	0	0	0	1149	3277	7342	13257	5218	2471	783	2705	3031	1408	7314	7242	2491	5104	4175	2560	6799	5010	8218	11452	16762	10838	18361	11270	11910	43673	34287	35643	49705	47883	80357	84258	107003	255824	209926	551066	1134209	0
LFQ	29	911	0	0	0	0	1205	3739	7851	13014	5542	1993	849	2772	3165	1674	7816	6611	2241	5181	4359	2911	7292	5262	8411	12004	16442	11606	18144	12090	12682	44324	35502	35450	52859	47431	86066	83384	109909	258522	209053	553223	1113137	0
LFQ	30	730	0	0	0	0	1369	4137	8091	13104	5782	1656	835	3049	3380	1736	8229	6538	1971	5144	4419	3178	7193	5682	9100	12635	15735	12622	17579	13066	12872	44841	36572	36135	54840	47757	91925	83357	113089	259805	210722	555101	1090651	0
LFQ	31	896	0	0	0	0	1494	4682	8262	13586	6262	1405	972	3302	3623	2094	8731	6018	1840	5443	4565	3455	7774	6076	9587	12919	15727	13614	17379	14150	13633	45089	37422	36866	57857	48447	98668	84748	116509	261895	211180	552909	1065548	0
LFQ	32	755	0	0	0	0	1601	5176	8544	13068	6013	1071	1086	3492	3966	2358	8835	5666	1639	5500	4541	3811	8272	6576	9806	12828	15231	14641	17112	15334	14392	44692	38693	37609	60592	48434	105383	84629	120821	261393	215921	550357	1044789	0
LFQ	33	370	0	0	0	0	1785	5542	8835	12869	6104	914	1161	3674	4201	2489	9125	5110	1587	5661	4603	4131	8595	6984	9986	13197	14364	15625	17245	16331	15217	44451	39286	38742	63187	49926	112026	85456	124511	261067	218807	548547	1022916	0
LFQ	34	724	0	0	0	0	2009	6040	9074	13239	6124	850	1441	3762	4274	2808	9004	4708	1558	5836	4842	4582	9470	7608	10766	13603	13978	16950	17202	17740	15843	43697	40730	40090	66208	51407	119285	88266	128671	261179	221384	544899	994776	0
LFQ	35	1196	0	0	0	0	2176	6584	9537	12784	5861	749	1588	4042	4624	3062	9059	4248	1544	6042	4936	4987	9172	8058	10848	13785	13153	18578	17286	19079	16445	43736	41938	41259	69445	53746	128155	89910	134201	259867	226115	537449	969383	0
LFQ	36	1422	0	0	0	0	2349	7044	9849	12879	5868	755	1762	4236	4899	3249	8630	3916	1604	6446	4968	5434	9621	8477	11349	14344	12578	19924	17531	20609	17692	42646	43586	42936	72375	56125	137466	93734	139797	257085	230964	529672	940806	0
LFQ	37	203	0	0	0	0	2475	7756	10411	13055	5685	799	1985	4584	5259	3679	9076	3710	1801	6804	5185	6078	10195	9071	11877	14717	11924	21439	17615	21948	18573	42049	44915	44562	76314	59844	147818	97193	145620	256540	236456	520206	907206	0
LFQ	38	494	0	0	0	0	2694	8126	10905	12867	5386	873	2180	4828	5562	3750	8747	3428	1763	7086	5220	6613	10404	9703	12282	14620	11457	22828	17347	23700	19585	41754	46179	46348	78514	63162	159831	102082	152931	251259	243774	510685	875660	0
LFQ	39	451	0	0	0	0	2920	8623	11375	12989	5052	1006	2482	4875	6018	3945	8167	3197	2002	7575	5370	7234	9294	10051	15037	15224	10695	24339	18126	25249	20553	40984	48021	48105	82488	67750	172849	106831	158623	245454	250459	499943	841271	0
LFQ	40	1113	0	0	0	0	3143	8886	11914	12786	4778	1054	2686	5003	6031	3989	7423	3051	2056	8095	5408	7838	9126	10337	15639	15030	10062	26047	17969	26640	22084	40200	49118	50155	85723	72520	188264	112293	163964	241184	256724	487552	808742	0
LFQ	41	665	0	0	0	0	3498	9451	12520	12703	4359	1203	3005	5464	6237	4534	7439	2854	2344	8488	5502	8274	9596	10771	16597	15232	9814	27364	18009	28370	23438	40217	50974	51566	89021	77699	204713	117290	171832	235888	260492	472916	774288	0
LFQ	42	958	0	0	0	0	3880	9706	13207	12864	3973	1264	3233	5385	6697	4586	6964	2752	2427	9248	5434	8920	9892	11437	17495	15549	9584	29057	18291	29953	24976	40284	53059	53428	93066	84258	223023	123483	178626	230562	264385	456757	735964	0
LFQ	43	514	0	0	0	0	4177	9891	13744	12784	3544	1430	3719	5655	6906	4810	7030	2791	2599	9802	5512	9607	10555	11701	18281	15784	9363	30817	18183	31507	26585	40305	55189	55929	98185	90455	243557	129662	185619	224989	267128	440272	696046	0
LFQ	44	933	0	0	0	0	4505	10305	14423	13006	3226	1622	4006	5839	7242	4839	6833	2816	2848	10522	5407	10456	10852	12536	19248	15885	9215	32815	18629	32941	28409	41375	57574	58003	102714	98089	265865	135911	192350	218524	270085	420574	654205	0
LFQ	45	2278	0	0	0	0	4922	10600	14966	13304	2947	1790	4310	5648	7343	4834	5856	1899	3002	10056	5370	15721	8232	12485	21427	16118	10775	34329	19076	34009	30436	41772	60814	60245	107914	106097	289559	142830	198125	212111	270555	402740	610132	0
LFQ	46	473	0	0	0	0	5371	10594	15856	13198	2504	1959	4781	6841	7462	4944	5838	1827	3093	10757	5163	16717	8128	12742	22438	16108	10914	36421	18997	35144	31892	42819	62118	61738	112781	114021	316142	149363	203409	203587	273451	382937	572099	0
LFQ	47	1734	0	0	0	0	5763	11121	16482	13491	2450	2297	4990	5948	7541	5165	5719	1833	3497	11406	5096	17909	8355	13401	24050	16401	11375	37781	19533	36309	34239	44115	64912	63869	118438	122300	342884	155213	208187	196310	271389	362095	531029	0
LFQ	48	1398	0	0	0	0	6356	10915	17411	13359	2014	2442	5427	6263	7713	5047	5791	1726	3623	12003	4861	19273	8426	13669	25383	16768	11645	39004	19557	37004	36114	46020	67129	65410	124463	131574	372850	160931	211964	186144	271319	341609	492022	0
LFQ	49	1224	0	0	0	0	6803	11087	18532	13776	1818	2749	5786	6100	7614	4911	5929	1755	3897	12841	4860	20725	8463	14235	22053	20286	10379	40516	23783	38024	38129	47358	69684	68195	132092	139830	402229	166029	215953	171179	273161	319317	453325	0
LFQ	50	344	0	0	0	0	7237	11116	19563	13938	1570	3027	6155	6696	7841	5140	6064	1725	4222	13526	4550	22458	8532	14573	22972	20793	10568	42088	24085	38192	39900	49388	72651	69419	139350	150187	433593	171189	218449	161864	268011	297658	415993	0
LFQ	51	1413	0	0	0	0	7827	10544	20430	15208	1383	5268	10977	8477	13491	4991	9254	1388	5108	18947	4016	38459	11671	28412	33954	39641	21564	79929	38091	86388	73556	116544	164438	150128	239773	268313	228311	189614	212432	192674	292593	118407	41013	0
LFQ	52	832	0	0	0	0	7380	8861	18159	13096	935	4760	9101	6937	10428	3915	7563	1088	4568	15344	3354	30787	9012	21590	27005	29186	15760	58212	31613	59361	55740	85953	128153	122335	253604	282380	293143	202977	181877	173779	431076	167591	27172	0
LFQ	53	443	0	0	0	0	7671	8370	18101	11883	698	4288	7368	5700	7972	3593	6386	1132	4473	13625	3087	25931	7697	16327	23243	22649	12076	44731	26007	42449	44636	59673	88062	84599	195436	213426	487752	192363	200693	136037	367558	298664	109828	0
LFQ	54	661	0	0	0	0	7858	7949	18865	11213	660	4001	6760	5195	6969	3459	6190	1225	4394	13317	2836	24315	7178	14168	21875	20819	11119	39933	24342	35793	41248	51637	75208	71502	162086	177692	616214	189668	219982	113346	287463	248464	249023	0
LFQ	55	821	0	0	0	0	8012	7547	19295	10691	473	4312	6407	4505	6211	3956	6202	1059	4781	13555	2628	22659	8666	13295	22101	14167	17248	37490	23864	32955	40619	49767	70590	65796	155578	169510	692989	191626	225975	97808	256382	197479	297608	0
LFQ	56	479	0	0	0	0	8478	7130	19382	10283	405	4501	6618	4305	5767	3905	6421	1120	4874	13876	2283	23378	8597	12921	22431	14150	17930	36619	24177	31684	40449	49416	69183	64558	155950	171079	752478	193526	226698	86905	238543	170284	293844	0
LFQ	57	437	0	0	0	0	8820	6977	20201	10221	312	4780	6428	4245	5449	3819	6782	1135	5096	13994	2076	24471	8603	13010	23301	14179	18989	36200	24629	30913	40899	49885	70262	63765	159727	176598	803043	195646	223536	77813	224892	150808	272686	0
LFQ	58	1032	0	0	0	0	9384	6745	21088	9920	271	5083	6330	4089	5344	3955	7221	1102	5473	14623	2069	25282	8393	12854	24022	14233	19753	35889	25622	30162	41479	50896	71451	64310	165236	182650	850929	196434	217989	71204	210886	134705	246519	0
LFQ	59	689	0	0	0	0	9706	6446	21774	9826	184	5564	6640	4026	4965	2878	7671	1016	5569	16123	1729	22136	6575	18687	17846	11122	17737	49056	27037	29088	42552	51807	73382	64409	172211	189462	894725	196691	211207	64087	198184	120617	221203	0
LFQ	60	586	0	0	0	0	10415	6149	22407	9297	134	5745	6341	4036	4605	2792	8125	999	5753	16242	1571	23160	6376	19318	18280	11220	18627	49821	28222	28318	43218	52807	74058	65674	177599	196173	937986	196778	204129	58271	184821	107933	196641	0
LFQ	61	443	0	0	0	0	10926	5914	23480	9558	134	6319	6529	4059	4332	2631	8614	994	5977	17120	1431	24127	6291	19486	18610	11175	19435	50135	29428	27840	43917	54005	76554	65979	183815	202754	978385	195050	195191	53075	170769	96645	173500	0
LFQ	62	1064	0	0	0	0	11438	5808	23945	9468	88	6591	6525	4272	4105	2685	9078	938	6617	17999	1219	25269	6133	20604	18772	11141	20559	51171	30691	26817	45309	54365	77865	66199	190190	210543	1014572	193221	185461	47594	158306	85547	152458	0
LFQ	63	684	0	0	0	0	12055	5493	25184	9532	77	7266	6661	4389	3954	2569	9777	912	6584	18412	1117	25882	5895	21114	19504	11068	21450	51644	32231	25723	46064	55140	79303	67411	195795	217305	1049790	190831	176022	42898	145362	75990	133539	0
LFQ	64	492	0	0	0	0	12606	5290	25679	9334	70	7729	6638	4391	3607	2371	10477	827	6837	19385	1029	26993	5678	22116	19854	11070	22856	51849	33702	24782	46026	55990	81385	67872	201848	223565	1082922	187939	165704	38516	133377	67220	116601	0
LFQ	65	1516	0	0	0	0	13101	4837	26173	9231	40	8022	6145	4421	3275	2320	10228	1430	7381	14031	6683	27588	5465	14307	28555	11110	23891	49792	20260	23117	64599	56423	82616	69176	207322	229213	1115023	184316	155919	34813	121752	59365	101171	0
LFQ	66	202	0	0	0	0	13747	4479	27259	9101	39	8509	7005	4575	2988	2211	10909	1497	7502	14150	6877	28500	5250	14870	29711	10898	25229	49806	21385	21733	66457	57377	84769	69666	211883	236173	1142290	180781	145658	31007	110321	52070	87743	0
LFQ	67	542	0	0	0	0	14199	4212	27915	9157	21	8841	6109	4691	2690	2030	11391	1473	7917	14376	7150	28978	5072	15139	30646	10797	25968	50009	21703	20828	67777	57429	86316	70327	217933	241691	1169810	177055	135623	27399	100207	45692	75514	0
LFQ	68	473	0	0	0	0	14919	3943	28974	9222	23	9532	5757	4917	2532	1996	12117	1517	8243	14812	7666	30001	4878	15556	31255	10880	26990	50105	22601	19859	69552	57737	87945	70954	222046	247789	1191522	172835	126027	24860	89930	39734	64928	0
LFQ	69	299	0	0	0	0	15714	3765	29762	9167	18	10203	5447	4939	2289	1864	12566	1573	8687	14746	8071	30828	4616	15836	32471	10794	28287	50138	23166	18822	71716	58262	89590	71858	226190	254068	1210813	168527	116131	21911	81997	34448	55048	0
LFQ	70	1727	0	0	0	0	15969	3459	30271	9078	16	10812	5107	5054	2126	1749	13313	1546	8636	14905	8506	31436	4418	4339	21990	33533	28999	49658	23681	17851	72498	58185	90456	72006	231405	259007	1231508	164152	107142	19275	74176	29884	46754	0
LFQ	71	475	0	0	0	0	16685	3137	31304	9230	16	11480	5593	5147	1895	1682	13696	1603	9082	15275	9110	32153	4316	4119	22230	34529	30641	49467	24409	16657	74308	57840	91995	72637	235230	263691	1247623	159854	98723	17069	67050	25540	39136	0
LFQ	72	1555	0	0	0	0	17072	3018	32313	9196	15	11815	4801	5271	1728	1651	14453	1670	9427	15636	9401	32983	4129	4064	22928	35243	31719	49410	25066	15742	75855	58764	94232	73776	237797	267804	1260959	155812	90145	14932	60123	21519	32603	0
LFQ	73	1417	0	0	0	0	17889	2731	32900	9458	21	12413	4849	5581	1585	1501	14690	1657	9603	15961	10129	33452	4044	3819	23529	36404	32761	49136	25575	14946	78014	58775	94928	74567	242607	273512	1271060	150998	82362	12990	53660	18140	26963	0
LFQ	74	590	0	0	0	0	18457	2486	33623	9519	18	13331	4730	5537	1395	1390	15367	1683	10067	15837	10496	33872	3806	3634	23621	37553	33447	48823	26380	14130	78875	59139	96783	75976	247156	277068	1280449	147049	75572	11358	48072	15078	22260	0
LFQ	75	1469	0	0	0	0	18876	2222	33848	9756	18	13814	4255	5644	1200	1334	15787	1712	10160	16400	11292	34841	3554	3478	24300	38109	34736	23843	51460	12974	80534	59007	98207	76519	250047	282302	1287606	143118	69662	9849	42245	12611	17838	0
LFQ	76	933	0	0	0	0	19525	1938	35107	9657	22	14227	4025	5784	1139	1277	16455	1654	10527	16744	11584	34958	3404	3364	24570	39318	36029	22674	53088	12117	81987	59452	98698	77079	252668	285953	1295947	138612	63564	8364	37405	10316	14462	0
LFQ	77	787	0	0	0	0	20175	1858	35789	9870	24	14999	3647	5962	1021	1238	17083	1796	10931	17051	11922	35375	3392	3248	24975	40387	37358	21804	54798	11474	83030	59245	100499	77908	255025	289406	1300541	134390	58084	7132	32557	8372	11474	0
LFQ	78	490	0	0	0	0	19400	1544	33577	9787	23	15316	3414	5354	857	1102	16591	1538	10678	15403	11887	34449	3171	2902	24186	39211	35286	20176	53159	10252	80792	55967	96468	75761	249786	281184	1350945	136528	55228	4836	30668	6391	10320	0
LFQ	79	1486	0	0	0	0	20252	1379	34459	9958	25	15312	2931	5509	758	988	17017	1575	10635	15667	12276	34048	3017	2676	24222	39299	35820	19189	53368	9577	79941	55060	93882	73886	244482	275408	1379023	136494	51042	3995	26445	4778	8748	0
LFQ	80	886	0	0	0	0	20635	1173	35018	10090	22	16201	2731	5568	627	941	17088	1601	10827	15606	12362	34123	2867	2563	24311	39677	37018	17828	53933	8963	80587	54793	93554	73757	242721	273491	1393192	136349	46835	3251	22955	3521	6962	0
LFQ	81	513	0	0	0	0	20788	1075	35488	10207	23	16785	2541	5612	545	890	17617	1563	11446	15872	13260	34154	2742	2398	24474	40322	37137	17350	54510	8511	80817	54534	93876	73862	242193	275048	1400482	135400	42400	2568	19582	2804	5238	0
LFQ	82	613	0	0	0	0	21584	924	36418	10317	27	16969	2276	5728	503	900	17897	1608	11621	16052	13723	34519	2788	2474	25041	40521	38330	16450	55611	7876	81620	54644	94035	74269	244464	275747	1403647	132951	38113	2161	16258	2032	3916	0
LFQ	83	750	0	0	0	0	21544	882	36888	10455	25	17520	2096	5728	410	882	18353	1674	11713	16374	14140	34726	2637	2364	25091	41577	38723	15644	56311	7307	82864	54654	94987	75171	245371	277834	1405362	130864	34037	1662	13588	1459	2960	0
LFQ	84	1147	0	0	0	0	21969	786	37351	10643	22	18193	1940	5784	384	794	18503	1633	11900	16425	14651	34877	2530	2199	25643	41889	39377	15021	57811	7083	83853	54939	96135	75377	246346	280810	1404827	128184	29879	1386	11248	1055	2033	0
LFQ	85	751	0	0	0	0	23063	650	39207	10592	29	18915	1823	6040	300	767	19034	1703	12092	16957	14925	35084	2462	2185	25646	42313	40064	14581	58430	6516	84475	55402	97208	76063	247711	282356	1403512	125175	26151	1048	9238	737	1422	0
LFQ	86	397	0	0	0	0	23241	558	39301	10931	23	19643	1747	6101	279	768	19807	1829	12743	17324	15710	35900	2491	2173	26497	43314	41171	13843	59984	6177	85377	55411	97394	76837	248729	284705	1398843	122953	22822	837	7374	470	923	0
LFQ	87	585	0	0	0	0	23543	524	39615	11201	29	19639	1496	6132	227	695	19919	1721	12655	17307	15925	35996	2381	2186	26629	43842	42004	13440	60428	5900	86764	55532	98275	77357	249601	286872	1398191	120623	20083	585	5795	335	595	0
LFQ	88	657	0	0	0	0	23783	420	40490	11154	17	19558	1366	6109	186	709	20230	1735	12397	17510	15988	36191	2330	2119	26769	44203	42093	12838	61178	5616	86883	55252	99744	77654	251032	288461	1398232	118806	17492	462	4408	188	367	0
LFQ	89	1016	0	0	0	0	24485	377	41295	11465	29	20297	1287	6436	153	706	20464	1837	12658	17844	16523	36160	2318	2114	27023	44736	43049	12213	62049	5388	88054	55627	100098	78081	252127	290552	1392343	116808	15080	338	3303	108	186	0
LFQ	90	484	0	0	0	0	24661	329	41936	11561	31	21073	1142	6309	139	711	20986	1855	13014	18002	17145	36852	2165	2035	27279	45664	43966	12015	62755	5027	88626	55934	101224	78675	252969	293545	1386951	114002	12668	294	2460	53	90	0
LFQ	91	363	0	0	0	0	25122	300	42459	11664	32	21640	1043	6533	112	692	21295	1856	13164	18421	17660	36982	2076	2096	27446	45598	44264	11298	63655	4967	89987	56290	101794	79438	254373	295320	1380813	112921	10961	189	1733	29	41	0
LFQ	92	722	0	0	0	0	25472	261	43089	11956	25	21650	894	6526	80	625	21235	1923	13165	18735	17892	37186	2193	2117	27814	46329	45238	11270	64425	4721	90825	56583	102651	79812	255703	297113	1375808	110065	9192	122	1183	10	17	0
LFQ	93	419	0	0	0	0	26261	234	44646	12037	26	22334	866	6662	74	600	22126	2024	13351	18721	18440	37705	2182	2170	28338	47142	46546	10970	65887	4539	91833	57370	104089	80617	256438	299813	1363671	107874	7741	74	799	2	6	0
LFQ	94	407	0	0	0	0	26480	159	44449	12450	24	22491	777	6809	51	674	22163	1937	13836	19122	18742	37427	2026	2128	28596	47725	46647	10712	66188	4304	92466	57657	105085	81473	258353	300817	1359251	106225	6388	55	533	0	0	0
LFQ	95	465	0	0	0	0	27037	146	45414	12356	32	22712	699	589	6353	606	22331	2001	14037	19350	19005	37833	2192	2138	28630	47767	46909	10273	66682	4167	93316	57246	105671	81426	259807	302332	1354201	105211	5353	36	304	0	0	0
LFQ	96	539	0	0	0	0	27709	136	46344	12423	19	23197	602	604	6625	660	22789	2009	14086	19729	18909	38310	2047	2164	28968	48149	47607	10072	67467	4052	93470	57608	105638	82278	259641	304275	1348934	102940	4449	17	161	0	0	0
LFQ	97	1238	0	0	0	0	28443	127	49023	13209	29	23868	591	582	6688	643	23439	2085	14435	20158	19830	39053	2032	2162	29470	49254	48824	9807	68071	3851	94901	58244	107613	82705	260044	306322	1332526	101489	3787	8	76	0	0	0
LFQ	98	1263	0	0	0	0	28625	92	47537	13079	41	24814	580	578	6670	591	23831	2125	14427	20372	20375	39507	1993	2181	29640	49751	49046	9467	68879	3659	95625	58870	108164	83557	262012	307483	1326381	100261	3110	8	33	0	0	0
LFQ	99	1149	0	0	0	0	29229	95	49311	13371	21	25091	494	500	6966	604	24068	2161	14730	20729	20756	39713	1943	2212	30323	50422	50088	9437	70327	3553	97504	59170	109684	84961	261655	309797	1313355	98639	2557	3	9	0	0	0
LFQ	100	826	0	0	0	0	32752	98	56476	14639	35	28390	490	541	8324	619	27314	2753	17031	24999	24113	45039	2005	2508	34621	57768	59634	8848	80404	3417	112390	67777	127566	96814	282266	349070	1152314	81230	1555	0	1	0	0	0
# GC Content of first fragments. Use `grep ^GCF | cut -f 2-` to extract this part.
GCF	1.26	0
GCF	3.02	1
GCF	4.52	0
GCF	6.03	1
GCF	7.04	0
GCF	8.04	2
GCF	9.05	1
GCF	10.05	9
GCF	11.06	10
GCF	12.06	12
GCF	13.07	41
GCF	14.07	62
GCF	15.08	109
GCF	16.08	164
GCF	17.09	237
GCF	18.09	382
GCF	19.10	468
GCF	20.10	693
GCF	21.11	992
GCF	22.11	1304
GCF	23.12	1899
GCF	24.12	2498
GCF	25.13	3363
GCF	26.13	4202
GCF	27.14	5298
GCF	28.14	6082
GCF	29.15	7390
GCF	30.15	8755
GCF	31.16	10394
GCF	32.16	12045
GCF	33.17	14257
GCF	34.17	16077
GCF	35.18	18268
GCF	36.18	20947
GCF	37.19	24166
GCF	38.19	27111
GCF	39.20	30500
GCF	40.20	35532
GCF	41.21	40643
GCF	42.21	46553
GCF	43.22	52687
GCF	44.22	60886
GCF	45.23	69578
GCF	46.23	80277
GCF	47.24	90768
GCF	48.24	103573
GCF	49.25	115844
GCF	50.25	128252
GCF	51.26	138647
GCF	52.26	149779
GCF	53.27	155853
GCF	54.27	160336
GCF	55.28	158198
GCF	56.28	152862
GCF	57.29	142798
GCF	58.29	131017
GCF	59.30	116274
GCF	60.30	100012
GCF	61.31	84097
GCF	62.31	69300
GCF	63.32	54769
GCF	64.32	41598
GCF	65.33	31311
GCF	66.33	22429
GCF	67.34	15745
GCF	68.34	11116
GCF	69.35	7727
GCF	70.35	5034
GCF	71.36	3462
GCF	72.36	2190
GCF	73.37	1367
GCF	74.37	827
GCF	75.38	524
GCF	76.38	353
GCF	77.39	208
GCF	78.39	146
GCF	79.90	97
GCF	81.41	71
GCF	82.41	49
GCF	83.92	11
GCF	85.43	7
GCF	86.43	8
GCF	87.44	3
GCF	88.44	5
# GC Content of last fragments. Use `grep ^GCL | cut -f 2-` to extract this part.
GCL	0.25	5
GCL	1.01	7
GCL	2.01	18
GCL	3.02	22
GCL	4.02	26
GCL	5.03	14
GCL	6.03	23
GCL	7.04	38
GCL	8.04	42
GCL	9.05	49
GCL	10.05	42
GCL	11.06	55
GCL	12.06	64
GCL	13.07	100
GCL	14.07	112
GCL	15.08	147
GCL	16.08	207
GCL	17.09	355
GCL	18.09	418
GCL	19.10	591
GCL	20.10	813
GCL	21.11	1122
GCL	22.11	1451
GCL	23.12	1999
GCL	24.12	2418
GCL	25.13	3342
GCL	26.13	4416
GCL	27.14	5501
GCL	28.14	6168
GCL	29.15	7317
GCL	30.15	9077
GCL	31.16	10525
GCL	32.16	12114
GCL	33.17	14175
GCL	34.17	15957
GCL	35.18	18070
GCL	36.18	20966
GCL	37.19	24128
GCL	38.19	26958
GCL	39.20	30891
GCL	40.20	35349
GCL	41.21	40284
GCL	42.21	45600
GCL	43.22	52324
GCL	44.22	60578
GCL	45.23	68957
GCL	46.23	79293
GCL	47.24	90498
GCL	48.24	101977
GCL	49.25	115639
GCL	50.25	126379
GCL	51.26	137919
GCL	52.26	148167
GCL	53.27	155646
GCL	54.27	159443
GCL	55.28	157849
GCL	56.28	152327
GCL	57.29	142802
GCL	58.29	131389
GCL	59.30	116546
GCL	60.30	101792
GCL	61.31	85285
GCL	62.31	69795
GCL	63.32	55953
GCL	64.32	42560
GCL	65.33	32270
GCL	66.33	23368
GCL	67.34	16730
GCL	68.34	11874
GCL	69.35	8204
GCL	70.35	5717
GCL	71.36	3913
GCL	72.36	2586
GCL	73.37	1708
GCL	74.37	1128
GCL	75.38	749
GCL	76.38	571
GCL	77.39	355
GCL	78.39	281
GCL	79.40	227
GCL	80.40	194
GCL	81.41	142
GCL	82.41	103
GCL	83.42	83
GCL	84.42	70
GCL	85.43	61
GCL	86.43	42
GCL	87.44	29
GCL	88.44	22
GCL	89.45	20
GCL	90.45	25
GCL	91.46	11
GCL	92.46	17
GCL	93.47	10
GCL	94.47	7
GCL	95.48	4
GCL	96.48	6
GCL	97.49	3
GCL	98.49	2
GCL	99.50	1
# ACGT content per cycle. Use `grep ^GCC | cut -f 2-` to extract this part. The columns are: cycle; A,C,G,T base counts as a percentage of all A/C/G/T bases [%]; and N and O counts as a percentage of all A/C/G/T bases [%]
GCC	1	23.63	26.23	26.49	23.65	0.04	0.00
GCC	2	24.37	25.47	25.72	24.43	0.02	0.00
GCC	3	24.15	25.70	25.88	24.27	0.02	0.00
GCC	4	23.99	25.85	26.11	24.06	0.03	0.00
GCC	5	24.15	25.70	25.94	24.22	0.03	0.00
GCC	6	23.76	26.05	26.32	23.88	0.01	0.00
GCC	7	24.08	25.71	26.01	24.19	0.02	0.00
GCC	8	24.35	25.52	25.74	24.39	0.01	0.00
GCC	9	24.19	25.64	25.87	24.30	0.01	0.00
GCC	10	24.36	25.51	25.72	24.42	0.02	0.00
GCC	11	24.39	25.47	25.61	24.53	0.01	0.00
GCC	12	24.25	25.59	25.80	24.37	0.02	0.00
GCC	13	24.31	25.50	25.72	24.46	0.02	0.00
GCC	14	24.42	25.36	25.63	24.58	0.02	0.00
GCC	15	24.25	25.58	25.78	24.40	0.02	0.00
GCC	16	24.30	25.52	25.79	24.39	0.01	0.00
GCC	17	24.30	25.49	25.76	24.45	0.01	0.00
GCC	18	24.12	25.72	25.94	24.23	0.01	0.00
GCC	19	24.12	25.70	25.93	24.25	0.02	0.00
GCC	20	24.16	25.61	25.91	24.31	0.01	0.00
GCC	21	23.97	25.84	26.08	24.11	0.01	0.00
GCC	22	24.03	25.81	26.01	24.15	0.02	0.00
GCC	23	24.13	25.68	25.92	24.28	0.01	0.00
GCC	24	23.96	25.85	26.10	24.09	0.02	0.00
GCC	25	24.01	25.82	26.04	24.13	0.01	0.00
GCC	26	24.11	25.75	25.95	24.19	0.02	0.00
GCC	27	23.92	25.92	26.11	24.04	0.01	0.00
GCC	28	23.98	25.87	26.10	24.05	0.01	0.00
GCC	29	24.06	25.77	26.01	24.16	0.02	0.00
GCC	30	23.90	25.93	26.18	23.99	0.01	0.00
GCC	31	23.92	25.90	26.11	24.07	0.02	0.00
GCC	32	24.03	25.82	26.01	24.14	0.01	0.00
GCC	33	23.85	25.97	26.22	23.95	0.01	0.00
GCC	34	23.93	25.89	26.16	24.02	0.01	0.00
GCC	35	23.98	25.88	26.06	24.09	0.02	0.00
GCC	36	23.82	25.99	26.23	23.96	0.03	0.00
GCC	37	23.86	25.94	26.20	24.00	0.01	0.00
GCC	38	23.99	25.84	26.09	24.08	0.01	0.00
GCC	39	23.82	26.04	26.22	23.92	0.01	0.00
GCC	40	23.84	25.95	26.24	23.97	0.02	0.00
GCC	41	23.94	25.88	26.11	24.07	0.01	0.00
GCC	42	23.75	26.08	26.27	23.90	0.02	0.00
GCC	43	23.82	25.99	26.26	23.93	0.01	0.00
GCC	44	23.91	25.92	26.14	24.03	0.02	0.00
GCC	45	23.78	26.05	26.28	23.89	0.04	0.00
GCC	46	23.83	25.98	26.23	23.96	0.01	0.00
GCC	47	23.94	25.87	26.15	24.03	0.04	0.00
GCC	48	23.77	26.06	26.30	23.88	0.02	0.00
GCC	49	23.85	26.01	26.23	23.91	0.03	0.00
GCC	50	23.92	25.92	26.15	24.01	0.01	0.00
GCC	51	23.76	26.09	26.31	23.83	0.03	0.00
GCC	52	23.81	25.99	26.24	23.96	0.02	0.00
GCC	53	23.92	25.90	26.15	24.03	0.01	0.00
GCC	54	23.76	26.07	26.29	23.88	0.02	0.00
GCC	55	23.81	26.04	26.23	23.93	0.01	0.00
GCC	56	23.92	25.91	26.14	24.02	0.01	0.00
GCC	57	23.75	26.08	26.29	23.88	0.01	0.00
GCC	58	23.82	26.01	26.23	23.94	0.02	0.00
GCC	59	23.93	25.90	26.15	24.02	0.01	0.00
GCC	60	23.78	26.04	26.33	23.85	0.01	0.00
GCC	61	23.86	26.01	26.24	23.90	0.01	0.00
GCC	62	23.91	25.94	26.15	23.99	0.02	0.00
GCC	63	23.76	26.06	26.32	23.86	0.01	0.00
GCC	64	23.82	26.01	26.25	23.92	0.01	0.00
GCC	65	23.90	25.92	26.15	24.03	0.03	0.00
GCC	66	23.75	26.08	26.34	23.83	0.01	0.00
GCC	67	23.82	26.01	26.26	23.91	0.01	0.00
GCC	68	23.94	25.93	26.15	23.99	0.01	0.00
GCC	69	23.75	26.06	26.31	23.87	0.01	0.00
GCC	70	23.86	25.97	26.21	23.96	0.03	0.00
GCC	71	23.96	25.93	26.10	24.01	0.01	0.00
GCC	72	23.79	26.04	26.32	23.84	0.03	0.00
GCC	73	23.80	26.00	26.27	23.94	0.03	0.00
GCC	74	23.91	25.92	26.15	24.02	0.01	0.00
GCC	75	23.76	26.07	26.31	23.87	0.03	0.00
GCC	76	23.81	26.00	26.24	23.95	0.02	0.00
GCC	77	23.90	25.96	26.16	23.98	0.02	0.00
GCC	78	23.77	26.05	26.30	23.87	0.01	0.00
GCC	79	23.82	25.99	26.24	23.95	0.03	0.00
GCC	80	23.91	25.92	26.16	24.01	0.02	0.00
GCC	81	23.77	26.06	26.30	23.87	0.01	0.00
GCC	82	23.82	26.01	26.24	23.93	0.02	0.00
GCC	83	23.91	25.94	26.18	23.97	0.02	0.00
GCC	84	23.77	26.05	26.32	23.86	0.03	0.00
GCC	85	23.81	26.02	26.27	23.89	0.02	0.00
GCC	86	23.95	25.90	26.15	23.99	0.02	0.00
GCC	87	23.77	26.04	26.31	23.88	0.01	0.00
GCC	88	23.80	25.98	26.27	23.95	0.01	0.00
GCC	89	23.93	25.91	26.15	24.01	0.02	0.00
GCC	90	23.78	26.08	26.28	23.86	0.01	0.00
GCC	91	23.82	26.03	26.22	23.94	0.01	0.00
GCC	92	23.93	25.94	26.12	24.00	0.01	0.00
GCC	93	23.75	26.10	26.29	23.87	0.01	0.00
GCC	94	23.82	25.98	26.25	23.94	0.01	0.00
GCC	95	23.94	25.94	26.11	24.01	0.01	0.00
GCC	96	23.74	26.08	26.30	23.88	0.01	0.00
GCC	97	23.84	25.98	26.23	23.95	0.02	0.00
GCC	98	23.91	25.91	26.18	24.00	0.02	0.00
GCC	99	23.76	26.08	26.28	23.88	0.02	0.00
GCC	100	23.80	26.02	26.25	23.92	0.02	0.00
# ACGT content per cycle for first fragments. Use `grep ^FBC | cut -f 2-` to extract this part. The columns are: cycle; A,C,G,T base counts as a percentage of all A/C/G/T bases [%]; and N and O counts as a percentage of all A/C/G/T bases [%]
FBC	1	23.76	26.13	26.36	23.75	0.02	0.00
FBC	2	24.54	25.31	25.54	24.61	0.00	0.00
FBC	3	24.39	25.46	25.62	24.52	0.00	0.00
FBC	4	24.30	25.55	25.77	24.38	0.02	0.00
FBC	5	24.23	25.62	25.89	24.26	0.00	0.00
FBC	6	23.82	25.97	26.24	23.97	0.00	0.00
FBC	7	24.13	25.69	25.95	24.22	0.00	0.00
FBC	8	24.36	25.52	25.76	24.36	0.00	0.00
FBC	9	24.18	25.64	25.84	24.33	0.00	0.00
FBC	10	24.37	25.49	25.69	24.45	0.00	0.00
FBC	11	24.39	25.49	25.56	24.56	0.00	0.00
FBC	12	24.25	25.60	25.79	24.36	0.00	0.00
FBC	13	24.35	25.47	25.71	24.47	0.00	0.00
FBC	14	24.41	25.40	25.61	24.58	0.00	0.00
FBC	15	24.26	25.56	25.78	24.40	0.00	0.00
FBC	16	24.26	25.55	25.79	24.40	0.00	0.00
FBC	17	24.32	25.49	25.76	24.43	0.00	0.00
FBC	18	24.10	25.72	25.93	24.24	0.00	0.00
FBC	19	24.11	25.71	25.91	24.27	0.00	0.00
FBC	20	24.15	25.64	25.88	24.33	0.00	0.00
FBC	21	23.98	25.85	26.06	24.12	0.00	0.00
FBC	22	24.04	25.81	25.99	24.16	0.00	0.00
FBC	23	24.11	25.69	25.92	24.28	0.00	0.00
FBC	24	23.95	25.88	26.08	24.09	0.00	0.00
FBC	25	24.00	25.85	26.01	24.13	0.00	0.00
FBC	26	24.11	25.72	25.94	24.22	0.01	0.00
FBC	27	23.94	25.90	26.14	24.02	0.01	0.00
FBC	28	23.97	25.87	26.08	24.09	0.00	0.00
FBC	29	24.08	25.76	25.97	24.19	0.00	0.00
FBC	30	23.92	25.95	26.15	23.98	0.00	0.00
FBC	31	23.94	25.89	26.10	24.07	0.00	0.00
FBC	32	24.06	25.79	25.99	24.16	0.00	0.00
FBC	33	23.84	25.99	26.19	23.98	0.01	0.00
FBC	34	23.92	25.90	26.16	24.02	0.00	0.00
FBC	35	23.95	25.89	26.03	24.13	0.00	0.00
FBC	36	23.83	25.99	26.21	23.96	0.00	0.00
FBC	37	23.86	25.92	26.21	24.02	0.01	0.00
FBC	38	24.02	25.79	26.07	24.11	0.00	0.00
FBC	39	23.82	26.03	26.20	23.95	0.00	0.00
FBC	40	23.81	25.92	26.24	24.03	0.01	0.00
FBC	41	23.98	25.84	26.10	24.08	0.00	0.00
FBC	42	23.79	26.08	26.23	23.90	0.00	0.00
FBC	43	23.83	26.00	26.24	23.93	0.00	0.00
FBC	44	23.98	25.88	26.11	24.04	0.00	0.00
FBC	45	23.80	26.06	26.26	23.88	0.00	0.00
FBC	46	23.87	25.96	26.19	23.98	0.00	0.00
FBC	47	23.96	25.87	26.14	24.03	0.01	0.00
FBC	48	23.79	26.08	26.25	23.89	0.00	0.00
FBC	49	23.86	26.04	26.20	23.89	0.01	0.00
FBC	50	23.95	25.89	26.12	24.04	0.00	0.00
FBC	51	23.77	26.09	26.28	23.86	0.00	0.00
FBC	52	23.82	25.99	26.21	23.98	0.00	0.00
FBC	53	23.95	25.89	26.11	24.05	0.01	0.00
FBC	54	23.78	26.10	26.28	23.84	0.01	0.00
FBC	55	23.81	26.02	26.23	23.94	0.00	0.00
FBC	56	23.94	25.92	26.11	24.03	0.00	0.00
FBC	57	23.74	26.07	26.28	23.92	0.00	0.00
FBC	58	23.83	25.99	26.23	23.95	0.00	0.00
FBC	59	23.94	25.90	26.14	24.02	0.00	0.00
FBC	60	23.81	26.02	26.33	23.84	0.00	0.00
FBC	61	23.88	26.00	26.23	23.89	0.00	0.00
FBC	62	23.92	25.93	26.13	24.02	0.00	0.00
FBC	63	23.78	26.01	26.34	23.87	0.00	0.00
FBC	64	23.77	26.04	26.24	23.95	0.00	0.00
FBC	65	23.90	25.89	26.16	24.04	0.00	0.00
FBC	66	23.74	26.09	26.32	23.85	0.00	0.00
FBC	67	23.83	25.99	26.25	23.94	0.00	0.00
FBC	68	23.95	25.91	26.17	23.98	0.00	0.00
FBC	69	23.77	26.05	26.30	23.89	0.00	0.00
FBC	70	23.87	25.97	26.20	23.96	0.00	0.00
FBC	71	23.95	25.91	26.07	24.07	0.00	0.00
FBC	72	23.80	26.02	26.33	23.86	0.00	0.00
FBC	73	23.80	26.00	26.23	23.97	0.01	0.00
FBC	74	23.92	25.92	26.12	24.05	0.01	0.00
FBC	75	23.75	26.08	26.30	23.87	0.00	0.00
FBC	76	23.84	25.97	26.27	23.92	0.01	0.00
FBC	77	23.90	25.96	26.15	23.99	0.01	0.00
FBC	78	23.78	26.02	26.31	23.89	0.00	0.00
FBC	79	23.83	25.98	26.22	23.97	0.01	0.00
FBC	80	23.91	25.92	26.17	23.99	0.01	0.00
FBC	81	23.78	26.08	26.28	23.86	0.01	0.00
FBC	82	23.89	25.98	26.22	23.91	0.01	0.00
FBC	83	23.95	25.94	26.12	23.98	0.01	0.00
FBC	84	23.75	26.02	26.33	23.89	0.01	0.00
FBC	85	23.86	26.01	26.22	23.90	0.01	0.00
FBC	86	23.98	25.89	26.11	24.03	0.02	0.00
FBC	87	23.77	26.02	26.32	23.88	0.00	0.00
FBC	88	23.83	25.97	26.25	23.95	0.00	0.00
FBC	89	23.93	25.89	26.15	24.03	0.00	0.00
FBC	90	23.79	26.08	26.30	23.82	0.00	0.00
FBC	91	23.84	26.00	26.21	23.96	0.00	0.00
FBC	92	23.91	25.94	26.11	24.04	0.00	0.00
FBC	93	23.75	26.08	26.28	23.90	0.01	0.00
FBC	94	23.81	26.00	26.24	23.94	0.00	0.00
FBC	95	23.96	25.97	26.08	23.99	0.00	0.00
FBC	96	23.77	26.09	26.28	23.86	0.00	0.00
FBC	97	23.86	25.98	26.23	23.93	0.00	0.00
FBC	98	23.94	25.89	26.14	24.02	0.00	0.00
FBC	99	23.75	26.08	26.26	23.90	0.00	0.00
FBC	100	23.81	26.05	26.23	23.91	0.00	0.00
# ACGT content per cycle for last fragments. Use `grep ^LBC | cut -f 2-` to extract this part. The columns are: cycle; A,C,G,T base counts as a percentage of all A/C/G/T bases [%]; and N and O counts as a percentage of all A/C/G/T bases [%]
LBC	1	23.50	26.33	26.63	23.54	0.07	0.00
LBC	2	24.21	25.64	25.90	24.25	0.03	0.00
LBC	3	23.91	25.93	26.14	24.01	0.03	0.00
LBC	4	23.67	26.14	26.44	23.74	0.05	0.00
LBC	5	24.06	25.77	25.99	24.17	0.06	0.00
LBC	6	23.70	26.13	26.40	23.78	0.02	0.00
LBC	7	24.04	25.74	26.06	24.16	0.04	0.00
LBC	8	24.34	25.52	25.73	24.41	0.01	0.00
LBC	9	24.19	25.63	25.90	24.28	0.03	0.00
LBC	10	24.34	25.53	25.75	24.38	0.03	0.00
LBC	11	24.38	25.45	25.67	24.50	0.02	0.00
LBC	12	24.24	25.57	25.81	24.37	0.04	0.00
LBC	13	24.28	25.54	25.74	24.45	0.03	0.00
LBC	14	24.43	25.32	25.65	24.59	0.04	0.00
LBC	15	24.24	25.59	25.77	24.39	0.04	0.00
LBC	16	24.33	25.49	25.80	24.38	0.03	0.00
LBC	17	24.28	25.49	25.77	24.46	0.02	0.00
LBC	18	24.13	25.71	25.94	24.22	0.01	0.00
LBC	19	24.12	25.70	25.95	24.23	0.03	0.00
LBC	20	24.18	25.58	25.94	24.30	0.02	0.00
LBC	21	23.96	25.83	26.09	24.11	0.02	0.00
LBC	22	24.03	25.81	26.02	24.14	0.03	0.00
LBC	23	24.14	25.67	25.92	24.28	0.02	0.00
LBC	24	23.97	25.83	26.11	24.09	0.04	0.00
LBC	25	24.01	25.80	26.06	24.13	0.03	0.00
LBC	26	24.11	25.78	25.96	24.15	0.03	0.00
LBC	27	23.91	25.94	26.09	24.06	0.01	0.00
LBC	28	23.99	25.88	26.13	24.00	0.02	0.00
LBC	29	24.05	25.77	26.05	24.13	0.03	0.00
LBC	30	23.88	25.91	26.21	24.00	0.03	0.00
LBC	31	23.91	25.91	26.13	24.06	0.03	0.00
LBC	32	24.00	25.86	26.03	24.12	0.03	0.00
LBC	33	23.86	25.96	26.25	23.93	0.01	0.00
LBC	34	23.93	25.88	26.16	24.03	0.03	0.00
LBC	35	24.01	25.86	26.09	24.05	0.04	0.00
LBC	36	23.80	25.99	26.24	23.96	0.05	0.00
LBC	37	23.87	25.96	26.19	23.98	0.01	0.00
LBC	38	23.96	25.89	26.10	24.05	0.02	0.00
LBC	39	23.82	26.05	26.24	23.89	0.02	0.00
LBC	40	23.87	25.98	26.23	23.91	0.04	0.00
LBC	41	23.90	25.91	26.12	24.06	0.02	0.00
LBC	42	23.71	26.09	26.31	23.90	0.03	0.00
LBC	43	23.81	25.99	26.29	23.92	0.02	0.00
LBC	44	23.84	25.96	26.18	24.03	0.03	0.00
LBC	45	23.77	26.04	26.30	23.90	0.08	0.00
LBC	46	23.79	26.00	26.27	23.94	0.02	0.00
LBC	47	23.92	25.88	26.17	24.04	0.06	0.00
LBC	48	23.75	26.03	26.35	23.87	0.05	0.00
LBC	49	23.83	25.98	26.25	23.93	0.04	0.00
LBC	50	23.88	25.95	26.18	23.99	0.01	0.00
LBC	51	23.76	26.10	26.34	23.80	0.05	0.00
LBC	52	23.80	25.99	26.27	23.94	0.03	0.00
LBC	53	23.90	25.90	26.18	24.01	0.02	0.00
LBC	54	23.73	26.05	26.31	23.91	0.02	0.00
LBC	55	23.80	26.06	26.23	23.91	0.03	0.00
LBC	56	23.91	25.89	26.18	24.02	0.02	0.00
LBC	57	23.76	26.09	26.30	23.84	0.02	0.00
LBC	58	23.81	26.04	26.23	23.92	0.04	0.00
LBC	59	23.92	25.89	26.17	24.01	0.02	0.00
LBC	60	23.75	26.05	26.34	23.86	0.02	0.00
LBC	61	23.84	26.01	26.25	23.91	0.02	0.00
LBC	62	23.91	25.95	26.18	23.96	0.04	0.00
LBC	63	23.73	26.12	26.30	23.85	0.02	0.00
LBC	64	23.87	25.99	26.26	23.88	0.02	0.00
LBC	65	23.89	25.94	26.15	24.02	0.05	0.00
LBC	66	23.75	26.08	26.36	23.81	0.01	0.00
LBC	67	23.82	26.03	26.28	23.88	0.02	0.00
LBC	68	23.93	25.94	26.13	23.99	0.02	0.00
LBC	69	23.73	26.08	26.33	23.86	0.01	0.00
LBC	70	23.85	25.97	26.23	23.95	0.06	0.00
LBC	71	23.97	25.94	26.13	23.96	0.02	0.00
LBC	72	23.79	26.06	26.31	23.83	0.06	0.00
LBC	73	23.79	26.00	26.31	23.90	0.05	0.00
LBC	74	23.91	25.93	26.17	23.99	0.02	0.00
LBC	75	23.76	26.07	26.32	23.86	0.05	0.00
LBC	76	23.78	26.03	26.21	23.98	0.03	0.00
LBC	77	23.90	25.95	26.17	23.97	0.03	0.00
LBC	78	23.77	26.07	26.30	23.86	0.02	0.00
LBC	79	23.80	25.99	26.26	23.94	0.05	0.00
LBC	80	23.91	25.92	26.14	24.03	0.03	0.00
LBC	81	23.75	26.05	26.31	23.89	0.02	0.00
LBC	82	23.74	26.04	26.27	23.95	0.02	0.00
LBC	83	23.87	25.93	26.23	23.97	0.03	0.00
LBC	84	23.79	26.07	26.30	23.83	0.04	0.00
LBC	85	23.77	26.03	26.32	23.88	0.03	0.00
LBC	86	23.93	25.91	26.20	23.96	0.01	0.00
LBC	87	23.77	26.05	26.30	23.87	0.02	0.00
LBC	88	23.77	25.99	26.28	23.96	0.02	0.00
LBC	89	23.94	25.92	26.14	23.99	0.04	0.00
LBC	90	23.77	26.08	26.26	23.89	0.02	0.00
LBC	91	23.80	26.05	26.22	23.92	0.01	0.00
LBC	92	23.96	25.95	26.14	23.96	0.03	0.00
LBC	93	23.75	26.12	26.30	23.84	0.01	0.00
LBC	94	23.84	25.96	26.26	23.94	0.01	0.00
LBC	95	23.92	25.90	26.15	24.03	0.02	0.00
LBC	96	23.71	26.07	26.32	23.90	0.02	0.00
LBC	97	23.81	25.98	26.24	23.96	0.04	0.00
LBC	98	23.89	25.93	26.21	23.97	0.05	0.00
LBC	99	23.77	26.07	26.30	23.85	0.04	0.00
LBC	100	23.79	26.00	26.27	23.93	0.03	0.00
# Insert sizes. Use `grep ^IS | cut -f 2-` to extract this part. The columns are: insert size, pairs total, inward oriented pairs, outward oriented pairs, other pairs
IS	0	1	0	0	1
IS	1	0	0	0	0
IS	2	0	0	0	0
IS	3	0	0	0	0
IS	4	0	0	0	0
IS	5	0	0	0	0
IS	6	0	0	0	0
IS	7	0	0	0	0
IS	8	0	0	0	0
IS	9	0	0	0	0
IS	10	1	0	1	0
IS	11	0	0	0	0
IS	12	0	0	0	0
IS	13	0	0	0	0
IS	14	0	0	0	0
IS	15	0	0	0	0
IS	16	0	0	0	0
IS	17	0	0	0	0
IS	18	0	0	0	0
IS	19	0	0	0	0
IS	20	1	0	0	1
IS	21	0	0	0	0
IS	22	0	0	0	0
IS	23	0	0	0	0
IS	24	0	0	0	0
IS	25	0	0	0	0
IS	26	0	0	0	0
IS	27	0	0	0	0
IS	28	0	0	0	0
IS	29	0	0	0	0
IS	30	2	1	0	1
IS	31	1	0	0	1
IS	32	1	0	1	0
IS	33	0	0	0	0
IS	34	1	1	0	0
IS	35	0	0	0	0
IS	36	0	0	0	0
IS	37	0	0	0	0
IS	38	0	0	0	0
IS	39	1	0	0	1
IS	40	0	0	0	0
IS	41	1	0	0	1
IS	42	2	0	1	1
IS	43	0	0	0	0
IS	44	0	0	0	0
IS	45	0	0	0	0
IS	46	0	0	0	0
IS	47	0	0	0	0
IS	48	1	0	1	0
IS	49	0	0	0	0
IS	50	1	1	0	0
IS	51	3	3	0	0
IS	52	1	1	0	0
IS	53	1	1	0	0
IS	54	1	1	0	0
IS	55	1	1	0	0
IS	56	1	1	0	0
IS	57	1	0	0	1
IS	58	0	0	0	0
IS	59	2	1	1	0
IS	60	2	1	1	0
IS	61	0	0	0	0
IS	62	2	1	1	0
IS	63	2	1	0	1
IS	64	1	1	0	0
IS	65	1	0	1	0
IS	66	2	1	1	0
IS	67	4	1	3	0
IS	68	4	2	2	0
IS	69	2	1	1	0
IS	70	2	0	2	0
IS	71	1	0	1	0
IS	72	3	2	1	0
IS	73	6	3	3	0
IS	74	4	2	2	0
IS	75	3	2	1	0
IS	76	2	1	1	0
IS	77	8	5	3	0
IS	78	3	1	2	0
IS	79	7	2	5	0
IS	80	11	6	5	0
IS	81	11	5	6	0
IS	82	19	8	11	0
IS	83	15	6	8	1
IS	84	17	7	10	0
IS	85	17	9	7	1
IS	86	31	13	18	0
IS	87	30	5	25	0
IS	88	37	20	17	0
IS	89	51	22	29	0
IS	90	77	41	36	0
IS	91	67	29	38	0
IS	92	109	52	57	0
IS	93	103	50	53	0
IS	94	129	55	74	0
IS	95	161	76	85	0
IS	96	163	67	95	1
IS	97	206	93	113	0
IS	98	228	85	142	1
IS	99	216	25	191	0
IS	100	363	179	183	1
IS	101	457	448	9	0
IS	102	495	494	1	0
IS	103	532	532	0	0
IS	104	646	646	0	0
IS	105	745	745	0	0
IS	106	785	785	0	0
IS	107	954	954	0	0
IS	108	1020	1020	0	0
IS	109	1188	1186	0	2
IS	110	1278	1278	0	0
IS	111	1383	1383	0	0
IS	112	1497	1497	0	0
IS	113	1738	1738	0	0
IS	114	1880	1880	0	0
IS	115	2055	2055	0	0
IS	116	2178	2178	0	0
IS	117	2335	2335	0	0
IS	118	2477	2477	0	0
IS	119	2703	2702	0	1
IS	120	2860	2860	0	0
IS	121	3053	3053	0	0
IS	122	3146	3146	0	0
IS	123	3296	3296	0	0
IS	124	3529	3529	0	0
IS	125	3684	3684	0	0
IS	126	3968	3968	0	0
IS	127	4055	4055	0	0
IS	128	4113	4113	0	0
IS	129	4529	4529	0	0
IS	130	4578	4578	0	0
IS	131	4791	4791	0	0
IS	132	4980	4980	0	0
IS	133	5184	5184	0	0
IS	134	5144	5144	0	0
IS	135	5305	5305	0	0
IS	136	5617	5617	0	0
IS	137	5827	5827	0	0
IS	138	6075	6075	0	0
IS	139	6111	6111	0	0
IS	140	6402	6402	0	0
IS	141	6606	6606	0	0
IS	142	6681	6681	0	0
IS	143	6861	6861	0	0
IS	144	7170	7170	0	0
IS	145	7086	7086	0	0
IS	146	7402	7402	0	0
IS	147	7314	7314	0	0
IS	148	7615	7615	0	0
IS	149	7758	7758	0	0
IS	150	8082	8082	0	0
IS	151	7990	7990	0	0
IS	152	8308	8308	0	0
IS	153	8431	8430	0	1
IS	154	8445	8445	0	0
IS	155	8633	8633	0	0
IS	156	8952	8952	0	0
IS	157	9041	9041	0	0
IS	158	9128	9128	0	0
IS	159	9139	9139	0	0
IS	160	9382	9381	1	0
IS	161	9418	9418	0	0
IS	162	9438	9438	0	0
IS	163	9706	9706	0	0
IS	164	9884	9884	0	0
IS	165	10231	10231	0	0
IS	166	10060	10060	0	0
IS	167	10332	10332	0	0
IS	168	10383	10383	0	0
IS	169	10774	10774	0	0
IS	170	10548	10548	0	0
IS	171	10890	10890	0	0
IS	172	10862	10861	0	1
IS	173	10951	10950	0	1
IS	174	10916	10916	0	0
IS	175	11059	11059	0	0
IS	176	11224	11224	0	0
IS	177	11464	11464	0	0
IS	178	11604	11604	0	0
IS	179	11586	11586	0	0
IS	180	11690	11690	0	0
IS	181	11902	11902	0	0
IS	182	11751	11751	0	0
IS	183	12051	12051	0	0
IS	184	12060	12060	0	0
IS	185	12292	12292	0	0
IS	186	12214	12214	0	0
IS	187	12222	12222	0	0
IS	188	12285	12285	0	0
IS	189	12512	12512	0	0
IS	190	12550	12550	0	0
IS	191	12700	12700	0	0
IS	192	12715	12715	0	0
IS	193	12792	12792	0	0
IS	194	12699	12699	0	0
IS	195	12666	12666	0	0
IS	196	12907	12907	0	0
IS	197	12970	12970	0	0
IS	198	12814	12814	0	0
IS	199	12847	12847	0	0
IS	200	12980	12980	0	0
IS	201	13094	13094	0	0
IS	202	13012	13012	0	0
IS	203	13004	13004	0	0
IS	204	13059	13059	0	0
IS	205	13006	13006	0	0
IS	206	13046	13046	0	0
IS	207	13081	13080	1	0
IS	208	13078	13078	0	0
IS	209	12998	12998	0	0
IS	210	13359	13359	0	0
IS	211	13006	13006	0	0
IS	212	13106	13106	0	0
IS	213	13416	13416	0	0
IS	214	13185	13183	1	1
IS	215	13210	13210	0	0
IS	216	13082	13081	1	0
IS	217	13121	13121	0	0
IS	218	13337	13337	0	0
IS	219	13133	13133	0	0
IS	220	13113	13113	0	0
IS	221	13136	13136	0	0
IS	222	13109	13109	0	0
IS	223	12900	12900	0	0
IS	224	13242	13241	0	1
IS	225	13079	13079	0	0
IS	226	13200	13200	0	0
IS	227	13048	13048	0	0
IS	228	12985	12985	0	0
IS	229	13003	13002	1	0
IS	230	12949	12949	0	0
IS	231	12913	12913	0	0
IS	232	12817	12817	0	0
IS	233	13002	13002	0	0
IS	234	12834	12834	0	0
IS	235	12620	12620	0	0
IS	236	12457	12457	0	0
IS	237	12693	12693	0	0
IS	238	12761	12761	0	0
IS	239	12669	12669	0	0
IS	240	12523	12523	0	0
IS	241	12419	12419	0	0
IS	242	12374	12374	0	0
IS	243	12344	12344	0	0
IS	244	12312	12311	1	0
IS	245	12182	12182	0	0
IS	246	12248	12248	0	0
IS	247	12240	12240	0	0
IS	248	12213	12213	0	0
IS	249	11917	11917	0	0
IS	250	11825	11824	0	1
IS	251	12032	12032	0	0
IS	252	11724	11724	0	0
IS	253	11708	11708	0	0
IS	254	11613	11612	1	0
IS	255	11466	11466	0	0
IS	256	11559	11559	0	0
IS	257	11414	11414	0	0
IS	258	11382	11382	0	0
IS	259	11391	11391	0	0
IS	260	11227	11227	0	0
IS	261	11286	11286	0	0
IS	262	11141	11141	0	0
IS	263	11185	11185	0	0
IS	264	11058	11058	0	0
IS	265	10842	10842	0	0
IS	266	10737	10737	0	0
IS	267	10737	10737	0	0
IS	268	10591	10590	1	0
IS	269	10612	10612	0	0
IS	270	10445	10445	0	0
IS	271	10316	10316	0	0
IS	272	10624	10623	1	0
IS	273	10224	10224	0	0
IS	274	10312	10312	0	0
IS	275	10166	10166	0	0
IS	276	10132	10132	0	0
IS	277	9994	9994	0	0
IS	278	9957	9957	0	0
IS	279	9916	9916	0	0
IS	280	9992	9992	0	0
IS	281	9720	9720	0	0
IS	282	9599	9599	0	0
IS	283	9655	9655	0	0
IS	284	9571	9571	0	0
IS	285	9536	9535	1	0
IS	286	9414	9414	0	0
IS	287	9519	9519	0	0
IS	288	9314	9314	0	0
IS	289	9155	9155	0	0
IS	290	9287	9287	0	0
IS	291	9162	9161	0	1
IS	292	9012	9012	0	0
IS	293	8969	8969	0	0
IS	294	8994	8994	0	0
IS	295	8811	8811	0	0
IS	296	8819	8819	0	0
IS	297	8749	8749	0	0
IS	298	8649	8649	0	0
IS	299	8585	8585	0	0
IS	300	8388	8388	0	0
IS	301	8351	8351	0	0
IS	302	8231	8230	1	0
IS	303	8134	8134	0	0
IS	304	8386	8386	0	0
IS	305	8217	8217	0	0
IS	306	7904	7904	0	0
IS	307	8009	8009	0	0
IS	308	7753	7753	0	0
IS	309	7889	7889	0	0
IS	310	7825	7825	0	0
IS	311	7902	7902	0	0
IS	312	7650	7650	0	0
IS	313	7502	7502	0	0
IS	314	7394	7394	0	0
IS	315	7483	7482	1	0
IS	316	7344	7344	0	0
IS	317	7270	7270	0	0
IS	318	7206	7206	0	0
IS	319	7239	7239	0	0
IS	320	7167	7167	0	0
IS	321	6989	6989	0	0
IS	322	7053	7053	0	0
IS	323	7001	7001	0	0
IS	324	6960	6959	1	0
IS	325	6856	6855	1	0
IS	326	6621	6621	0	0
IS	327	6675	6675	0	0
IS	328	6595	6595	0	0
IS	329	6458	6458	0	0
IS	330	6534	6534	0	0
IS	331	6543	6543	0	0
IS	332	6478	6478	0	0
IS	333	6391	6390	1	0
IS	334	6364	6364	0	0
IS	335	6204	6204	0	0
IS	336	6027	6027	0	0
IS	337	6123	6123	0	0
IS	338	6016	6016	0	0
IS	339	5963	5963	0	0
IS	340	5926	5926	0	0
IS	341	5917	5917	0	0
IS	342	5892	5892	0	0
IS	343	5726	5726	0	0
IS	344	5623	5623	0	0
IS	345	5666	5666	0	0
IS	346	5631	5631	0	0
IS	347	5460	5460	0	0
IS	348	5478	5478	0	0
IS	349	5337	5337	0	0
IS	350	5315	5315	0	0
IS	351	5297	5297	0	0
IS	352	5248	5248	0	0
IS	353	5189	5189	0	0
IS	354	5208	5206	1	1
IS	355	5056	5055	1	0
IS	356	5110	5110	0	0
IS	357	5084	5084	0	0
IS	358	5058	5058	0	0
IS	359	4955	4955	0	0
IS	360	4904	4903	1	0
IS	361	4909	4908	1	0
IS	362	4758	4757	1	0
IS	363	4784	4784	0	0
IS	364	4662	4662	0	0
IS	365	4693	4693	0	0
IS	366	4638	4638	0	0
IS	367	4581	4580	1	0
IS	368	4518	4518	0	0
IS	369	4364	4364	0	0
IS	370	4390	4390	0	0
IS	371	4444	4444	0	0
IS	372	4278	4277	1	0
IS	373	4401	4401	0	0
IS	374	4258	4258	0	0
IS	375	4282	4282	0	0
IS	376	4121	4121	0	0
IS	377	4194	4194	0	0
IS	378	4085	4085	0	0
IS	379	4109	4109	0	0
IS	380	3934	3934	0	0
IS	381	3939	3939	0	0
IS	382	3929	3929	0	0
IS	383	3806	3806	0	0
IS	384	3812	3812	0	0
IS	385	3771	3771	0	0
IS	386	3782	3780	1	1
IS	387	3674	3674	0	0
IS	388	3593	3593	0	0
IS	389	3737	3737	0	0
IS	390	3560	3560	0	0
IS	391	3455	3454	1	0
IS	392	3630	3630	0	0
IS	393	3493	3493	0	0
IS	394	3409	3409	0	0
IS	395	3500	3500	0	0
IS	396	3429	3429	0	0
IS	397	3385	3385	0	0
IS	398	3354	3353	1	0
IS	399	3293	3293	0	0
IS	400	3235	3235	0	0
IS	401	3173	3173	0	0
IS	402	3142	3142	0	0
IS	403	3125	3124	1	0
IS	404	2996	2996	0	0
IS	405	3079	3079	0	0
IS	406	3070	3070	0	0
IS	407	3004	3004	0	0
IS	408	2928	2928	0	0
IS	409	2874	2873	1	0
IS	410	2849	2849	0	0
IS	411	2836	2836	0	0
IS	412	2897	2897	0	0
IS	413	2828	2828	0	0
IS	414	2755	2755	0	0
IS	415	2732	2732	0	0
IS	416	2649	2649	0	0
IS	417	2718	2718	0	0
IS	418	2635	2635	0	0
IS	419	2695	2694	1	0
IS	420	2642	2642	0	0
IS	421	2605	2604	1	0
IS	422	2673	2673	0	0
IS	423	2521	2520	1	0
IS	424	2391	2391	0	0
IS	425	2548	2548	0	0
IS	426	2519	2519	0	0
IS	427	2332	2332	0	0
IS	428	2404	2404	0	0
IS	429	2418	2418	0	0
IS	430	2255	2255	0	0
IS	431	2307	2307	0	0
IS	432	2261	2260	1	0
IS	433	2254	2254	0	0
IS	434	2164	2164	0	0
IS	435	2285	2285	0	0
IS	436	2219	2219	0	0
IS	437	2188	2188	0	0
IS	438	2213	2213	0	0
IS	439	2114	2114	0	0
IS	440	2142	2142	0	0
IS	441	2094	2094	0	0
IS	442	1959	1958	0	1
IS	443	2035	2035	0	0
IS	444	2038	2038	0	0
IS	445	1979	1979	0	0
IS	446	1980	1979	1	0
IS	447	1944	1944	0	0
IS	448	1915	1915	0	0
IS	449	1872	1872	0	0
IS	450	1838	1838	0	0
IS	451	1915	1915	0	0
IS	452	1777	1777	0	0
IS	453	1837	1837	0	0
IS	454	1755	1755	0	0
IS	455	1742	1742	0	0
IS	456	1692	1692	0	0
IS	457	1639	1639	0	0
IS	458	1704	1704	0	0
IS	459	1624	1624	0	0
IS	460	1679	1679	0	0
IS	461	1644	1644	0	0
IS	462	1640	1640	0	0
IS	463	1595	1595	0	0
IS	464	1631	1627	4	0
IS	465	1580	1580	0	0
IS	466	1607	1606	1	0
IS	467	1560	1559	1	0
IS	468	1474	1474	0	0
IS	469	1436	1435	1	0
IS	470	1483	1483	0	0
IS	471	1414	1414	0	0
IS	472	1436	1436	0	0
IS	473	1389	1389	0	0
IS	474	1369	1369	0	0
IS	475	1447	1447	0	0
IS	476	1393	1393	0	0
IS	477	1395	1394	1	0
IS	478	1356	1356	0	0
IS	479	1374	1374	0	0
IS	480	1402	1402	0	0
IS	481	1309	1309	0	0
IS	482	1315	1315	0	0
IS	483	1287	1286	1	0
IS	484	1230	1230	0	0
IS	485	1244	1243	1	0
IS	486	1195	1195	0	0
IS	487	1243	1243	0	0
IS	488	1209	1209	0	0
IS	489	1227	1227	0	0
IS	490	1110	1110	0	0
IS	491	1130	1130	0	0
IS	492	1163	1163	0	0
IS	493	1078	1078	0	0
IS	494	1107	1107	0	0
IS	495	1059	1059	0	0
IS	496	1018	1018	0	0
IS	497	1094	1094	0	0
IS	498	1078	1078	0	0
IS	499	1026	1026	0	0
IS	500	1086	1086	0	0
IS	501	1042	1042	0	0
IS	502	1040	1040	0	0
IS	503	984	984	0	0
IS	504	1040	1040	0	0
IS	505	998	998	0	0
IS	506	960	960	0	0
IS	507	933	932	1	0
IS	508	951	950	1	0
IS	509	959	958	1	0
IS	510	879	878	1	0
IS	511	892	892	0	0
IS	512	862	861	1	0
IS	513	884	884	0	0
IS	514	907	907	0	0
IS	515	911	911	0	0
IS	516	789	789	0	0
IS	517	866	865	1	0
IS	518	861	861	0	0
IS	519	855	854	1	0
IS	520	781	781	0	0
IS	521	853	852	1	0
IS	522	824	823	1	0
IS	523	780	780	0	0
IS	524	773	773	0	0
IS	525	730	730	0	0
IS	526	741	740	1	0
IS	527	775	775	0	0
IS	528	759	759	0	0
IS	529	698	698	0	0
IS	530	704	702	2	0
IS	531	686	685	1	0
IS	532	703	702	1	0
IS	533	730	730	0	0
IS	534	656	654	2	0
IS	535	679	679	0	0
IS	536	659	658	1	0
IS	537	661	659	2	0
IS	538	662	661	1	0
IS	539	655	654	1	0
IS	540	610	610	0	0
IS	541	615	615	0	0
IS	542	658	658	0	0
IS	543	609	609	0	0
IS	544	598	598	0	0
IS	545	571	571	0	0
IS	546	537	537	0	0
IS	547	577	577	0	0
IS	548	631	630	1	0
IS	549	576	576	0	0
IS	550	540	540	0	0
IS	551	543	542	1	0
IS	552	555	555	0	0
IS	553	528	527	1	0
IS	554	539	539	0	0
IS	555	517	517	0	0
IS	556	483	483	0	0
IS	557	525	525	0	0
IS	558	474	474	0	0
IS	559	494	494	0	0
IS	560	544	543	1	0
IS	561	469	469	0	0
IS	562	439	438	1	0
IS	563	475	475	0	0
IS	564	466	465	1	0
IS	565	500	499	1	0
IS	566	454	454	0	0
IS	567	415	415	0	0
IS	568	435	435	0	0
IS	569	458	458	0	0
IS	570	446	446	0	0
IS	571	469	469	0	0
IS	572	431	431	0	0
IS	573	392	392	0	0
IS	574	384	383	1	0
IS	575	381	381	0	0
IS	576	396	396	0	0
IS	577	415	415	0	0
IS	578	366	366	0	0
# Read lengths. Use `grep ^RL | cut -f 2-` to extract this part. The columns are: read length, count
RL	100	5605298
# Read lengths - first fragments. Use `grep ^FRL | cut -f 2-` to extract this part. The columns are: read length, count
FRL	100	2800671
# Read lengths - last fragments. Use `grep ^LRL | cut -f 2-` to extract this part. The columns are: read length, count
LRL	100	2804627
# Indel distribution. Use `grep ^ID | cut -f 2-` to extract this part. The columns are: length, number of insertions, number of deletions
ID	1	117888	236741
ID	2	12235	14109
ID	3	3525	2324
ID	4	816	1022
ID	5	754	280
ID	6	456	62
ID	7	359	50
ID	8	31	9
ID	9	12	30
ID	10	90	15
ID	11	12	17
ID	12	2	18
ID	13	6	4
ID	14	36	5
ID	15	34	15
ID	16	33	27
ID	17	23	16
ID	18	9	7
ID	19	15	11
ID	20	5	19
ID	21	11	17
ID	22	44	37
ID	23	17	17
ID	24	26	24
ID	25	25	32
ID	26	8	7
ID	27	7	9
ID	28	21	20
ID	29	22	23
ID	30	7	8
ID	31	0	1
ID	32	0	1
ID	33	0	2
ID	35	8	0
ID	36	0	2
ID	37	0	1
ID	40	0	1
ID	47	0	1
ID	58	0	1
ID	59	0	1
ID	60	0	1
ID	61	0	1
ID	63	0	2
ID	71	0	2
# Indels per cycle. Use `grep ^IC | cut -f 2-` to extract this part. The columns are: cycle, number of insertions (fwd), .. (rev) , number of deletions (fwd), .. (rev)
IC	1	0	0	0	1
IC	3	0	0	954	921
IC	4	748	769	1354	1350
IC	5	757	776	1546	1434
IC	6	791	764	1385	1369
IC	7	769	742	1278	1277
IC	8	693	712	1329	1337
IC	9	689	679	1438	1438
IC	10	702	740	1382	1371
IC	11	728	752	1355	1379
IC	12	737	721	1403	1431
IC	13	679	732	1468	1439
IC	14	750	743	1452	1352
IC	15	766	732	1390	1344
IC	16	786	683	1389	1415
IC	17	749	792	1408	1384
IC	18	702	772	1409	1418
IC	19	703	736	1408	1410
IC	20	737	761	1417	1356
IC	21	735	740	1333	1362
IC	22	735	749	1348	1373
IC	23	734	733	1378	1381
IC	24	728	777	1432	1383
IC	25	717	768	1408	1412
IC	26	736	761	1389	1401
IC	27	764	720	1355	1353
IC	28	770	726	1420	1400
IC	29	795	713	1451	1444
IC	30	780	744	1425	1388
IC	31	713	747	1431	1406
IC	32	763	712	1395	1425
IC	33	727	736	1363	1384
IC	34	749	759	1428	1426
IC	35	743	740	1307	1411
IC	36	724	741	1377	1393
IC	37	765	701	1302	1400
IC	38	682	774	1347	1374
IC	39	774	748	1426	1387
IC	40	757	718	1394	1388
IC	41	756	713	1354	1402
IC	42	759	783	1415	1365
IC	43	717	725	1368	1357
IC	44	705	762	1369	1489
IC	45	768	733	1386	1372
IC	46	723	725	1392	1371
IC	47	765	772	1369	1416
IC	48	706	756	1391	1356
IC	49	731	737	1354	1366
IC	50	658	733	1415	1347
IC	51	794	726	1373	1317
IC	52	753	745	1285	1346
IC	53	740	803	1367	1341
IC	54	751	714	1345	1334
IC	55	689	729	1369	1354
IC	56	741	764	1377	1426
IC	57	758	718	1333	1312
IC	58	750	744	1373	1352
IC	59	763	735	1347	1321
IC	60	742	731	1381	1324
IC	61	724	806	1297	1296
IC	62	710	667	1318	1376
IC	63	708	672	1348	1353
IC	64	729	720	1303	1305
IC	65	725	709	1306	1314
IC	66	733	700	1336	1301
IC	67	730	756	1272	1358
IC	68	708	723	1362	1298
IC	69	715	726	1394	1383
IC	70	686	742	1325	1260
IC	71	711	746	1319	1346
IC	72	719	674	1345	1369
IC	73	697	662	1264	1343
IC	74	746	709	1317	1345
IC	75	697	716	1420	1361
IC	76	724	702	1286	1362
IC	77	700	708	1396	1316
IC	78	707	715	1330	1286
IC	79	738	750	1363	1300
IC	80	721	720	1347	1302
IC	81	719	742	1352	1232
IC	82	739	696	1307	1269
IC	83	737	742	1313	1340
IC	84	710	717	1326	1329
IC	85	730	674	1315	1268
IC	86	737	676	1270	1244
IC	87	678	703	1256	1298
IC	88	723	712	1217	1251
IC	89	713	630	1332	1291
IC	90	665	664	1268	1261
IC	91	632	644	1267	1243
IC	92	629	676	1196	1231
IC	93	601	589	1201	1143
IC	94	736	669	1267	1256
IC	95	692	713	1273	1282
IC	96	672	680	1228	1232
IC	97	700	739	887	903
# Coverage distribution. Use `grep ^COV | cut -f 2-` to extract this part.
COV	[1-1]	1	400986
COV	[2-2]	2	269603
COV	[3-3]	3	233033
COV	[4-4]	4	210013
COV	[5-5]	5	190734
COV	[6-6]	6	181865
COV	[7-7]	7	174089
COV	[8-8]	8	164044
COV	[9-9]	9	157679
COV	[10-10]	10	150386
COV	[11-11]	11	145540
COV	[12-12]	12	140156
COV	[13-13]	13	136330
COV	[14-14]	14	136802
COV	[15-15]	15	131986
COV	[16-16]	16	129982
COV	[17-17]	17	130062
COV	[18-18]	18	127763
COV	[19-19]	19	125839
COV	[20-20]	20	126836
COV	[21-21]	21	125767
COV	[22-22]	22	125535
COV	[23-23]	23	125028
COV	[24-24]	24	125078
COV	[25-25]	25	123913
COV	[26-26]	26	123378
COV	[27-27]	27	123307
COV	[28-28]	28	123029
COV	[29-29]	29	121017
COV	[30-30]	30	119715
COV	[31-31]	31	117885
COV	[32-32]	32	116840
COV	[33-33]	33	115672
COV	[34-34]	34	116460
COV	[35-35]	35	116117
COV	[36-36]	36	115191
COV	[37-37]	37	112900
COV	[38-38]	38	111863
COV	[39-39]	39	111455
COV	[40-40]	40	109916
COV	[41-41]	41	107830
COV	[42-42]	42	106215
COV	[43-43]	43	105349
COV	[44-44]	44	104946
COV	[45-45]	45	103890
COV	[46-46]	46	102380
COV	[47-47]	47	101807
COV	[48-48]	48	99610
COV	[49-49]	49	96970
COV	[50-50]	50	94151
COV	[51-51]	51	91935
COV	[52-52]	52	90646
COV	[53-53]	53	88026
COV	[54-54]	54	85604
COV	[55-55]	55	85254
COV	[56-56]	56	82763
COV	[57-57]	57	80833
COV	[58-58]	58	79370
COV	[59-59]	59	77264
COV	[60-60]	60	76946
COV	[61-61]	61	74789
COV	[62-62]	62	73201
COV	[63-63]	63	71353
COV	[64-64]	64	70052
COV	[65-65]	65	68364
COV	[66-66]	66	67333
COV	[67-67]	67	66142
COV	[68-68]	68	65094
COV	[69-69]	69	63914
COV	[70-70]	70	62314
COV	[71-71]	71	62605
COV	[72-72]	72	61397
COV	[73-73]	73	60221
COV	[74-74]	74	60044
COV	[75-75]	75	59081
COV	[76-76]	76	57917
COV	[77-77]	77	57999
COV	[78-78]	78	57140
COV	[79-79]	79	56749
COV	[80-80]	80	56359
COV	[81-81]	81	55434
COV	[82-82]	82	55875
COV	[83-83]	83	55104
COV	[84-84]	84	54902
COV	[85-85]	85	54305
COV	[86-86]	86	53470
COV	[87-87]	87	53593
COV	[88-88]	88	52987
COV	[89-89]	89	52840
COV	[90-90]	90	51860
COV	[91-91]	91	52258
COV	[92-92]	92	51620
COV	[93-93]	93	50905
COV	[94-94]	94	50587
COV	[95-95]	95	49739
COV	[96-96]	96	48937
COV	[97-97]	97	48487
COV	[98-98]	98	47906
COV	[99-99]	99	47034
COV	[100-100]	100	47262
COV	[101-101]	101	46332
COV	[102-102]	102	46305
COV	[103-103]	103	45700
COV	[104-104]	104	44794
COV	[105-105]	105	44585
COV	[106-106]	106	43977
COV	[107-107]	107	43232
COV	[108-108]	108	43036
COV	[109-109]	109	42993
COV	[110-110]	110	42334
COV	[111-111]	111	41877
COV	[112-112]	112	41434
COV	[113-113]	113	40749
COV	[114-114]	114	39892
COV	[115-115]	115	39752
COV	[116-116]	116	39264
COV	[117-117]	117	38998
COV	[118-118]	118	37943
COV	[119-119]	119	37293
COV	[120-120]	120	35991
COV	[121-121]	121	35608
COV	[122-122]	122	34785
COV	[123-123]	123	33699
COV	[124-124]	124	32660
COV	[125-125]	125	31189
COV	[126-126]	126	29846
COV	[127-127]	127	28292
COV	[128-128]	128	27136
COV	[129-129]	129	25809
COV	[130-130]	130	24342
COV	[131-131]	131	22710
COV	[132-132]	132	21449
COV	[133-133]	133	20441
COV	[134-134]	134	19126
COV	[135-135]	135	17658
COV	[136-136]	136	16547
COV	[137-137]	137	15186
COV	[138-138]	138	14015
COV	[139-139]	139	12931
COV	[140-140]	140	11892
COV	[141-141]	141	10806
COV	[142-142]	142	10028
COV	[143-143]	143	9038
COV	[144-144]	144	8031
COV	[145-145]	145	7343
COV	[146-146]	146	6464
COV	[147-147]	147	5749
COV	[148-148]	148	5058
COV	[149-149]	149	4536
COV	[150-150]	150	3826
COV	[151-151]	151	3422
COV	[152-152]	152	2926
COV	[153-153]	153	2546
COV	[154-154]	154	2317
COV	[155-155]	155	1929
COV	[156-156]	156	1690
COV	[157-157]	157	1495
COV	[158-158]	158	1187
COV	[159-159]	159	1015
COV	[160-160]	160	786
COV	[161-161]	161	685
COV	[162-162]	162	605
COV	[163-163]	163	513
COV	[164-164]	164	479
COV	[165-165]	165	368
COV	[166-166]	166	367
COV	[167-167]	167	326
COV	[168-168]	168	274
COV	[169-169]	169	295
COV	[170-170]	170	229
COV	[171-171]	171	196
COV	[172-172]	172	149
COV	[173-173]	173	133
COV	[174-174]	174	115
COV	[175-175]	175	99
COV	[176-176]	176	102
COV	[177-177]	177	93
COV	[178-178]	178	89
COV	[179-179]	179	76
COV	[180-180]	180	71
COV	[181-181]	181	80
COV	[182-182]	182	62
COV	[183-183]	183	71
COV	[184-184]	184	42
COV	[185-185]	185	51
COV	[186-186]	186	66
COV	[187-187]	187	84
COV	[188-188]	188	83
COV	[189-189]	189	77
COV	[190-190]	190	72
COV	[191-191]	191	98
COV	[192-192]	192	76
COV	[193-193]	193	76
COV	[194-194]	194	61
COV	[195-195]	195	67
COV	[196-196]	196	62
COV	[197-197]	197	62
COV	[198-198]	198	62
COV	[199-199]	199	54
COV	[200-200]	200	62
COV	[201-201]	201	54
COV	[202-202]	202	41
COV	[203-203]	203	53
COV	[204-204]	204	42
COV	[205-205]	205	46
COV	[206-206]	206	35
COV	[207-207]	207	48
COV	[208-208]	208	32
COV	[209-209]	209	40
COV	[210-210]	210	36
COV	[211-211]	211	27
COV	[212-212]	212	26
COV	[213-213]	213	25
COV	[214-214]	214	30
COV	[215-215]	215	14
COV	[216-216]	216	21
COV	[217-217]	217	26
COV	[218-218]	218	27
COV	[219-219]	219	23
COV	[220-220]	220	38
COV	[221-221]	221	33
COV	[222-222]	222	27
COV	[223-223]	223	25
COV	[224-224]	224	20
COV	[225-225]	225	24
COV	[226-226]	226	18
COV	[227-227]	227	20
COV	[228-228]	228	15
COV	[229-229]	229	18
COV	[230-230]	230	18
COV	[231-231]	231	20
COV	[232-232]	232	31
COV	[233-233]	233	22
COV	[234-234]	234	26
COV	[235-235]	235	15
COV	[236-236]	236	17
COV	[237-237]	237	24
COV	[238-238]	238	23
COV	[239-239]	239	29
COV	[240-240]	240	23
COV	[241-241]	241	20
COV	[242-242]	242	29
COV	[243-243]	243	21
COV	[244-244]	244	26
COV	[245-245]	245	20
COV	[246-246]	246	18
COV	[247-247]	247	25
COV	[248-248]	248	15
COV	[249-249]	249	14
COV	[250-250]	250	12
COV	[251-251]	251	12
COV	[252-252]	252	18
COV	[253-253]	253	9
COV	[254-254]	254	13
COV	[255-255]	255	8
COV	[256-256]	256	12
COV	[257-257]	257	9
COV	[258-258]	258	5
COV	[259-259]	259	8
COV	[260-260]	260	5
COV	[261-261]	261	5
COV	[262-262]	262	10
COV	[263-263]	263	13
COV	[264-264]	264	6
COV	[265-265]	265	3
COV	[266-266]	266	6
COV	[267-267]	267	7
COV	[268-268]	268	17
COV	[269-269]	269	8
COV	[270-270]	270	3
COV	[271-271]	271	10
COV	[272-272]	272	5
COV	[273-273]	273	11
COV	[274-274]	274	6
COV	[275-275]	275	4
COV	[276-276]	276	13
COV	[277-277]	277	12
COV	[278-278]	278	15
COV	[279-279]	279	20
COV	[280-280]	280	15
COV	[281-281]	281	9
COV	[282-282]	282	6
COV	[283-283]	283	9
COV	[284-284]	284	4
COV	[285-285]	285	14
COV	[286-286]	286	5
COV	[287-287]	287	6
COV	[288-288]	288	6
COV	[289-289]	289	7
COV	[290-290]	290	5
COV	[291-291]	291	6
COV	[292-292]	292	6
COV	[293-293]	293	3
COV	[294-294]	294	7
COV	[295-295]	295	5
COV	[296-296]	296	6
COV	[297-297]	297	5
COV	[298-298]	298	7
COV	[299-299]	299	4
COV	[300-300]	300	12
COV	[301-301]	301	4
COV	[302-302]	302	6
COV	[303-303]	303	8
COV	[304-304]	304	6
COV	[305-305]	305	2
COV	[306-306]	306	5
COV	[307-307]	307	3
COV	[308-308]	308	1
COV	[309-309]	309	1
COV	[311-311]	311	3
COV	[312-312]	312	1
COV	[313-313]	313	1
COV	[314-314]	314	2
COV	[315-315]	315	4
COV	[316-316]	316	1
COV	[318-318]	318	1
COV	[320-320]	320	1
COV	[321-321]	321	2
COV	[322-322]	322	2
COV	[323-323]	323	2
COV	[324-324]	324	1
COV	[325-325]	325	2
COV	[326-326]	326	2
COV	[327-327]	327	1
COV	[328-328]	328	1
COV	[330-330]	330	1
COV	[331-331]	331	2
COV	[334-334]	334	1
COV	[337-337]	337	3
COV	[338-338]	338	1
COV	[340-340]	340	1
COV	[344-344]	344	2
COV	[345-345]	345	2
COV	[346-346]	346	1
COV	[348-348]	348	2
COV	[353-353]	353	1
COV	[354-354]	354	3
COV	[355-355]	355	1
COV	[356-356]	356	2
COV	[357-357]	357	3
COV	[358-358]	358	1
COV	[360-360]	360	1
COV	[361-361]	361	3
COV	[362-362]	362	3
COV	[363-363]	363	2
COV	[365-365]	365	1
COV	[368-368]	368	1
COV	[369-369]	369	3
COV	[371-371]	371	2
COV	[372-372]	372	4
COV	[373-373]	373	2
COV	[374-374]	374	1
COV	[375-375]	375	2
# GC-depth. Use `grep ^GCD | cut -f 2-` to extract this part. The columns are: GC%, unique sequence percentiles, 10th, 25th, 50th, 75th and 90th depth percentile
GCD	0.0	0.612	0.000	0.005	0.005	0.005	0.005
GCD	6.0	0.668	0.010	0.010	0.010	0.010	0.010
GCD	7.0	0.724	0.005	0.005	0.005	0.005	0.005
GCD	8.0	0.835	0.005	0.005	0.005	0.005	0.005
GCD	10.0	0.891	0.010	0.010	0.010	0.010	0.010
GCD	11.0	0.947	0.005	0.005	0.005	0.005	0.005
GCD	12.0	1.169	0.005	0.005	0.005	0.025	0.045
GCD	13.0	1.336	0.005	0.005	0.005	0.020	0.020
GCD	14.0	1.392	0.005	0.005	0.005	0.005	0.005
GCD	15.0	1.615	0.010	0.010	0.020	0.030	0.030
GCD	16.0	1.726	0.015	0.015	0.015	0.015	0.015
GCD	17.0	1.949	0.005	0.005	0.005	0.025	0.050
GCD	18.0	2.171	0.005	0.005	0.010	0.040	0.040
GCD	19.0	2.394	0.010	0.010	0.025	0.045	0.095
GCD	20.0	2.673	0.010	0.010	0.035	0.050	0.155
GCD	21.0	3.174	0.005	0.010	0.015	0.020	0.050
GCD	22.0	3.563	0.005	0.005	0.010	0.015	0.190
GCD	23.0	4.065	0.005	0.005	0.030	0.035	0.275
GCD	24.0	4.510	0.005	0.005	0.005	0.015	0.065
GCD	25.0	4.844	0.005	0.005	0.015	0.020	0.025
GCD	26.0	5.512	0.005	0.005	0.010	0.045	0.075
GCD	27.0	6.013	0.005	0.005	0.005	0.010	0.100
GCD	28.0	6.570	0.005	0.005	0.010	0.015	0.050
GCD	29.0	7.294	0.005	0.005	0.015	0.025	0.060
GCD	30.0	7.906	0.005	0.005	0.015	0.030	0.090
GCD	31.0	8.352	0.005	0.005	0.010	0.020	0.035
GCD	32.0	9.020	0.005	0.005	0.005	0.035	0.160
GCD	33.0	9.354	0.005	0.005	0.015	0.055	0.200
GCD	34.0	9.855	0.005	0.005	0.015	0.040	0.170
GCD	35.0	10.356	0.005	0.015	0.045	0.045	16.830
GCD	36.0	10.746	0.005	0.015	0.070	0.280	18.335
GCD	37.0	11.581	0.005	0.010	0.015	0.125	0.905
GCD	38.0	12.194	0.005	0.010	0.015	0.100	1.650
GCD	39.0	12.862	0.005	0.005	0.005	0.015	0.080
GCD	40.0	14.031	0.005	0.010	0.095	4.015	21.425
GCD	41.0	14.811	0.005	0.005	0.025	1.505	6.250
GCD	42.0	16.091	0.005	0.005	0.060	0.275	6.555
GCD	43.0	17.094	0.005	0.010	0.060	1.245	9.760
GCD	44.0	18.430	0.010	0.060	0.505	3.305	9.595
GCD	45.0	19.766	0.030	0.555	4.780	14.685	30.150
GCD	46.0	21.771	0.015	0.290	6.365	12.400	35.715
GCD	47.0	24.610	0.010	0.180	7.780	21.240	55.780
GCD	48.0	27.840	0.010	0.155	8.345	34.105	69.105
GCD	49.0	31.347	0.025	0.750	7.105	23.960	45.295
GCD	50.0	36.860	0.050	1.170	7.315	27.460	53.720
GCD	51.0	43.318	0.110	2.130	12.645	31.680	59.525
GCD	52.0	52.728	0.460	2.525	14.020	41.140	67.800
GCD	53.0	62.862	0.385	4.145	15.700	56.390	83.665
GCD	54.0	72.829	0.290	1.235	10.380	31.920	83.465
GCD	55.0	79.900	0.050	0.990	7.305	23.600	64.810
GCD	56.0	84.410	0.020	0.425	4.405	10.960	20.270
GCD	57.0	88.307	0.055	0.240	1.780	7.490	32.935
GCD	58.0	90.869	0.015	0.230	0.915	2.965	15.720
GCD	59.0	92.595	0.005	0.130	0.745	8.445	15.300
GCD	60.0	93.597	0.005	0.005	0.090	0.945	5.365
GCD	61.0	94.098	0.020	0.040	0.130	0.160	0.965
GCD	62.0	94.655	0.005	0.005	0.010	0.050	0.310
GCD	63.0	95.323	0.005	0.005	0.050	0.130	0.655
GCD	64.0	95.379	0.135	0.135	0.135	0.135	0.135
GCD	65.0	95.657	0.010	0.010	0.010	0.010	0.045
GCD	66.0	96.047	0.005	0.005	0.060	2.905	3.035
GCD	67.0	96.325	0.005	0.005	0.020	0.605	16.320
GCD	68.0	96.492	0.010	0.010	0.010	0.015	0.015
GCD	69.0	96.993	0.005	0.010	0.010	0.010	0.190
GCD	70.0	97.272	0.005	0.005	0.005	0.020	0.055
GCD	71.0	97.439	0.010	0.010	0.015	0.755	0.755
GCD	72.0	97.717	0.010	0.010	0.035	0.040	0.045
GCD	73.0	98.107	0.005	0.005	0.005	0.015	0.065
GCD	74.0	98.218	0.005	0.005	0.005	0.010	0.010
GCD	75.0	98.664	0.005	0.005	0.010	0.010	0.025
GCD	76.0	98.998	0.005	0.005	0.010	0.015	0.015
GCD	77.0	99.165	0.005	0.005	0.005	0.075	0.075
GCD	78.0	99.220	0.010	0.010	0.010	0.010	0.010
GCD	79.0	99.443	0.010	0.010	0.025	0.030	0.095
GCD	80.0	99.555	0.005	0.005	0.005	0.005	0.005
GCD	81.0	99.666	0.010	0.010	0.010	0.010	0.010
GCD	82.0	99.722	0.010	0.010	0.010	0.010	0.010
GCD	86.0	99.777	0.005	0.005	0.005	0.005	0.005
GCD	87.0	99.833	0.005	0.005	0.005	0.005	0.005
GCD	90.0	99.889	0.005	0.005	0.005	0.005	0.005
GCD	96.0	99.944	0.005	0.005	0.005	0.005	0.005
GCD	97.0	100.000	0.005	0.005	0.005	0.005	0.005
