# This file was produced by samtools stats (1.9+htslib-1.9) and can be plotted using plot-bamstats
# This file contains statistics for all reads.
# The command line was:  stats -c 1,1000,1 ERR495214_merged.bam
# CHK, Checksum	[2]Read Names	[3]Sequences	[4]Qualities
# CHK, CRC32 of reads which passed filtering followed by addition (32bit overflow)
CHK	d722f280	a20095f1	e594d56c
# Summary Numbers. Use `grep ^SN | cut -f 2-` to extract this part.
SN	raw total sequences:	4870637
SN	filtered sequences:	0
SN	sequences:	4870637
SN	is sorted:	1
SN	1st fragments:	2433002
SN	last fragments:	2437635
SN	reads mapped:	4806598
SN	reads mapped and paired:	4785630	# paired-end technology bit set + both mates mapped
SN	reads unmapped:	64039
SN	reads properly paired:	4774870	# proper-pair bit set
SN	reads paired:	4870637	# paired-end technology bit set
SN	reads duplicated:	0	# PCR or optical duplicate bit set
SN	reads MQ0:	1513814	# mapped and MQ=0
SN	reads QC failed:	0
SN	non-primary alignments:	0
SN	total length:	487063700	# ignores clipping
SN	total first fragment length:	243300200	# ignores clipping
SN	total last fragment length:	243763500	# ignores clipping
SN	bases mapped:	480659800	# ignores clipping
SN	bases mapped (cigar):	478638573	# more accurate
SN	bases trimmed:	0
SN	bases duplicated:	0
SN	mismatches:	2142869	# from NM fields
SN	error rate:	4.477009e-03	# mismatches / bases mapped (cigar)
SN	average length:	100
SN	average first fragment length:	100
SN	average last fragment length:	100
SN	maximum length:	100
SN	maximum first fragment length:	100
SN	maximum last fragment length:	100
SN	average quality:	33.9
SN	insert size average:	248.1
SN	insert size standard deviation:	86.9
SN	inward oriented pairs:	2386885
SN	outward oriented pairs:	1515
SN	pairs with other orientation:	88
SN	pairs on different chromosomes:	4365
SN	percentage of properly paired reads (%):	98.0
# First Fragment Qualities. Use `grep ^FFQ | cut -f 2-` to extract this part.
# Columns correspond to qualities and rows to cycles. First column is the cycle number.
FFQ	1	1529	0	0	0	0	0	0	0	0	0	8189	0	0	0	0	0	11565	0	0	284	0	0	1517	8027	0	12081	23099	34719	24357	0	139446	801087	0	191903	1175199	0	0	0	0	0	0	0	0
FFQ	2	32	0	0	0	0	0	0	0	0	0	3628	0	0	0	0	0	14670	0	0	1057	0	0	2727	7130	0	10340	21491	39125	20800	0	119750	718856	0	100568	1372828	0	0	0	0	0	0	0	0
FFQ	3	7	0	0	0	0	0	0	0	0	0	5050	0	0	0	0	0	10979	0	0	318	0	0	3484	6886	0	11695	21997	42335	23985	0	118931	693882	0	89025	1404428	0	0	0	0	0	0	0	0
FFQ	4	3	0	0	0	0	0	0	0	0	0	4057	0	0	0	0	0	3900	0	0	6309	0	0	2896	0	0	6526	11121	839	17891	424	28583	791	43934	69175	0	537657	0	1698896	0	0	0	0	0
FFQ	5	34	0	0	0	0	0	0	0	0	0	3885	0	0	0	0	0	5094	0	0	5845	0	0	3829	0	0	8719	14220	1039	19237	406	34209	957	46445	74507	0	540416	0	1674160	0	0	0	0	0
FFQ	6	0	0	0	0	0	0	0	0	1102	0	2191	633	0	0	0	1377	2034	3574	1677	1562	0	1129	365	4995	2	10808	10087	3740	10745	7229	31830	13437	55999	54389	2	511407	32400	1670288	0	0	0	0	0
FFQ	7	63	0	0	0	0	0	3	0	1248	0	2405	603	0	0	2	1394	2254	3515	1712	1658	1	1203	396	5248	8	11242	10210	4959	9878	7311	32875	13510	57051	54474	4	510261	32449	1667065	0	0	0	0	0
FFQ	8	0	0	0	0	0	2	2	1	1667	0	3047	919	1	0	2	1546	2326	3756	1830	1698	1	1261	358	5474	2	11507	10506	6740	8539	7134	33405	13734	57167	55537	1	509023	32326	1663490	0	0	0	0	0
FFQ	9	1	0	0	0	0	0	5	2	1729	0	3016	795	5	0	0	1831	2324	4104	1874	1704	8	1317	380	5418	4	11793	4225	15095	7011	7206	33983	10162	49998	37413	30189	161939	119	290241	166317	1582794	0	0	0
FFQ	10	0	0	0	0	0	2	9	7	1576	4	2802	707	11	1	9	1741	2355	3810	1892	1576	13	1366	395	5633	16	11995	4390	17269	5030	7364	34523	10349	51166	37820	30463	162902	120	292092	170654	1572940	0	0	0
FFQ	11	0	0	0	0	0	4	13	11	1554	3	2698	696	17	3	9	1732	2454	3737	2006	1688	21	1419	444	5642	40	12579	4502	19228	3195	7500	35458	10124	51664	38311	30904	165530	111	294372	173057	1562276	0	0	0
FFQ	12	0	0	0	0	0	2	26	29	1991	18	3468	1024	22	11	9	1953	2500	3992	1981	1803	45	1469	468	6053	129	12694	4645	20782	1890	7705	36235	9946	52180	39247	31125	166701	127	296968	174958	1550806	0	0	0
FFQ	13	135	0	0	0	0	0	39	27	1618	35	2726	713	33	15	19	1958	2574	3956	2102	1709	45	1590	449	6175	286	12892	4570	21323	1730	7790	37335	9668	52669	39417	31004	167395	153	298838	177568	1544446	0	0	0
FFQ	14	0	0	0	0	0	3	39	25	1829	72	2957	761	44	12	26	361	3497	4150	2203	1934	62	1685	481	3966	2841	12965	4767	20895	1706	7806	17545	28101	33413	47311	34972	31473	106221	87125	248214	164348	498003	1061189	0
FFQ	15	1	0	0	0	0	4	65	33	1907	130	2874	741	52	19	41	482	3696	4083	2206	1872	84	1812	516	3988	3124	12949	4927	20997	1809	8190	18555	28685	33403	47773	34299	32683	106552	87995	250257	166195	499793	1050210	0
FFQ	16	0	0	0	0	0	6	90	48	1902	154	2853	749	55	26	63	626	3714	3865	2161	1916	77	1951	552	4253	3557	13042	4952	20816	1812	8249	19657	28983	33371	49154	34583	34582	105923	88060	253813	166714	502662	1038011	0
FFQ	17	0	0	0	0	0	6	107	55	2223	279	3044	734	61	36	79	782	3847	3769	2225	2075	93	2133	610	4444	4005	13241	5274	20737	1849	8368	20744	29257	33433	50004	34462	35968	105941	89277	256054	167931	505832	1024023	0
FFQ	18	0	0	0	0	0	11	105	115	2458	420	3195	677	96	60	85	1019	3959	3978	2392	2128	136	2299	640	4707	4503	13363	5353	20487	2080	8707	22137	29640	33540	51285	34611	38140	105308	90192	257522	169102	507608	1010944	0
FFQ	19	53	0	0	0	0	8	161	103	2555	513	3115	694	91	79	115	1329	3954	1080	5393	2282	193	2602	764	5154	5284	13368	5775	20773	2167	8924	23654	30159	32614	35288	52357	41044	92483	95638	232799	196620	512952	1000865	0
FFQ	20	90	0	0	0	0	14	168	178	2532	594	2769	575	148	86	158	1521	3913	1191	5011	2245	228	2785	804	5231	5533	13261	5708	19987	2305	8860	25783	30197	32546	36017	52566	43827	91927	97555	237399	199551	513572	986167	0
FFQ	21	0	0	0	0	0	21	251	187	2844	835	2570	537	179	108	198	1850	4142	1314	4485	2281	273	3165	986	5432	6233	13593	6124	19519	2518	9059	27605	30885	32037	37696	52294	46928	92117	97797	241813	200759	515575	968792	0
FFQ	22	0	0	0	0	0	24	314	259	3313	1078	2649	505	213	140	244	2219	4208	1344	4339	2401	330	3620	1096	5729	7159	13648	6540	19234	2820	9475	29617	31559	31358	39052	52140	50818	92043	99132	246491	201600	516193	950098	0
FFQ	23	0	0	0	0	0	25	404	348	3456	1470	2561	488	252	185	304	2752	4465	1439	3920	2489	401	4002	1236	5717	7622	13959	6950	18744	3053	9593	31375	31943	30832	40609	51780	54529	91348	99312	251222	202300	516807	935110	0
FFQ	24	44	0	0	0	0	52	506	430	3542	1534	2088	438	350	247	374	3148	4528	1537	3834	2591	567	4378	1345	6101	8354	13733	7319	18149	3349	9910	32860	32722	30462	42598	51387	58743	90401	100672	255696	196649	513555	928809	0
FFQ	25	0	0	0	0	0	60	674	530	3802	1901	1942	355	400	313	476	3661	4561	1445	3641	2866	614	4985	1593	6227	9033	14089	7880	17913	3864	10311	35025	33469	29760	44634	51761	63542	91373	102177	260763	195074	516386	905902	0
FFQ	26	62	0	0	0	0	108	1020	929	5899	3205	2486	436	555	426	614	4341	4753	1547	3648	2869	757	5360	1814	6285	9562	13567	8440	17419	4244	10649	36082	34495	29747	46759	50603	67631	89879	103661	264514	193952	519795	884889	0
FFQ	27	168	0	0	0	0	110	1303	1179	6655	3930	2344	474	757	592	760	5180	5240	1688	3731	3215	1012	6115	2136	6648	10475	14317	9077	17134	4791	10987	37824	35829	29556	49055	50982	72307	89821	105622	267559	193534	521692	859203	0
FFQ	28	88	0	0	0	0	175	1517	1467	6692	3941	1771	460	868	725	936	5788	5156	1608	3490	3258	1206	6607	2547	6745	10904	14678	9902	16823	5509	11082	39986	36644	29637	52261	51316	76928	89350	108481	270990	193219	523294	836953	0
FFQ	29	0	0	0	0	0	221	1733	1737	6674	4356	1483	482	1051	885	1102	5964	4920	1521	3559	3328	1513	7310	2876	6947	11310	14303	10511	16446	6440	11623	40872	38166	30193	54722	51187	82312	88818	111212	273460	194550	525843	813372	0
FFQ	30	4	0	0	0	0	263	2047	2099	6785	4744	1145	433	1159	1013	1274	6309	4501	1291	3554	3394	1722	7003	3201	8169	11583	14138	11350	16340	7192	12247	40768	38885	30735	57585	50812	87324	89535	113680	277239	195144	525167	793168	0
FFQ	31	21	0	0	0	0	325	2332	2388	6825	5009	902	489	1345	1226	1502	6699	4147	1235	3701	3643	1998	7489	3561	8544	11749	13641	12738	16239	8164	12875	41031	40610	31495	60530	51136	91903	90199	116447	279036	195751	524116	771961	0
FFQ	32	32	0	0	0	0	376	2858	2823	7061	5321	765	608	1559	1432	1886	6960	4046	1258	3840	3873	2323	8154	4010	9024	12417	13360	13881	16285	9366	13773	41623	42478	32858	63342	52463	97599	90294	119124	281069	197604	520072	747185	0
FFQ	33	25	0	0	0	0	442	3321	3231	7323	5292	554	676	1812	1728	2084	7240	3880	1185	4066	4135	2723	8621	4753	9568	12548	12866	15155	16660	10630	14426	41834	44086	33852	67104	53887	103085	92501	122476	280380	199790	513792	725271	0
FFQ	34	181	0	0	0	0	522	3627	3825	7342	5474	456	811	2054	1954	2266	7317	3552	1129	4336	4319	3330	9538	5306	10211	12780	12598	16606	16992	11925	15162	42464	46181	35840	71180	56285	108823	95528	127450	282241	201919	506428	695050	0
FFQ	35	0	0	0	0	0	627	4235	4186	7270	5430	341	904	2326	2353	2703	7572	3380	1337	4667	4562	3766	9473	5770	10816	13648	12108	18506	17253	13707	16402	42786	48563	37665	75126	59146	114833	97852	131651	282130	206061	498183	665664	0
FFQ	36	0	0	0	0	0	717	4600	4828	7696	5586	287	1123	2653	2471	2962	7329	3016	1377	5033	4866	4333	10152	6444	11302	14066	11666	20194	17532	15599	17525	42656	49560	39563	78789	62351	121226	101825	136737	281074	210294	489161	636409	0
FFQ	37	208	0	0	0	0	847	5151	5374	7586	5268	328	1204	2760	2748	3309	7121	2825	1537	5487	5092	4956	10624	7017	12137	14155	10945	22024	17592	17373	18611	41817	51433	41744	82351	65867	128751	105471	139856	277621	214095	480824	610893	0
FFQ	38	34	0	0	0	0	942	5701	5823	7702	5039	334	1476	3112	2940	3586	7154	2660	1617	6117	5247	5427	11341	7722	12544	14515	10320	23299	18464	18789	19913	41097	53768	43909	86769	69686	135926	109104	143633	275332	216899	471286	583775	0
FFQ	39	1	0	0	0	0	1133	6068	6431	7745	4821	374	1646	3341	3230	3751	6773	2519	1847	6408	5327	6012	8950	7941	15944	14677	9876	25163	18356	20762	21113	40919	54904	45739	90342	74267	145406	113624	147621	266638	223039	458566	561728	0
FFQ	40	11	0	0	0	0	1300	6552	6948	7990	4535	449	1830	3490	3545	4010	6631	2339	2113	6943	5578	6686	9590	8520	17040	14838	9266	26999	18815	22753	22553	41502	57331	48203	93999	79672	156032	118165	151999	262151	223211	443031	536382	0
FFQ	41	0	0	0	0	0	1548	7062	7475	8056	4267	485	2168	3828	3913	4445	6466	2351	2090	7528	5684	7430	10033	9086	18566	15294	8976	28740	19213	24585	24523	41642	59809	51125	98744	85715	166127	123543	156440	256721	224960	426529	507835	0
FFQ	42	0	0	0	0	0	1753	7482	8054	8402	4043	609	2411	3929	4334	4704	6553	2299	2232	8312	5748	8263	10235	9952	19281	15645	8746	30979	19560	26437	26170	41758	61344	54195	102948	92230	178899	128661	160783	250292	226613	409000	480146	0
FFQ	43	0	0	0	0	0	2097	7927	8692	8732	3699	662	2623	4186	4489	4952	6228	2256	2594	9259	6014	9184	10817	10417	20667	15874	8455	33064	19805	28203	27945	42576	64318	56359	108232	98842	191534	133852	164672	243075	228513	391146	451042	0
FFQ	44	0	0	0	0	0	2360	8507	9629	8967	3467	767	3006	4433	4830	5202	6200	2350	2811	10196	6016	9788	11548	11061	21990	16397	8361	34945	20339	30475	30336	43684	67379	59202	113907	106077	205463	139706	167582	235218	227078	373405	420320	0
FFQ	45	0	0	0	0	0	1981	6603	7965	7305	2540	858	2992	3827	4718	4059	4732	1338	2386	7513	4590	13114	6868	10219	20498	14423	9429	31942	17279	29163	27378	41495	63140	55761	111610	106913	236938	135950	176902	200803	259737	358766	441267	0
FFQ	46	0	0	0	0	0	2225	6686	8434	7220	2185	854	2985	3742	4554	4136	4505	1395	2486	7838	4571	13024	6657	9774	20874	13730	8881	31518	17282	27944	27628	39829	61415	54752	112045	109230	268819	139383	180434	188577	250901	339481	447008	0
FFQ	47	43	0	0	0	0	2475	6766	8905	7414	1974	996	3174	3776	4617	4142	4319	1388	2596	8450	4544	13947	6767	10414	21950	13701	8934	32143	17122	28237	29448	40011	61707	55776	114557	113786	298458	143295	186015	176768	241968	316752	435667	0
FFQ	48	0	0	0	0	0	2646	6824	9436	7531	1759	1177	3311	3905	4647	4148	4274	1358	2791	8845	4377	14736	6756	10400	22979	13687	9189	33475	17243	28767	30935	41391	63789	56347	118341	120332	327022	148005	190340	165686	238238	293997	414318	0
FFQ	49	0	0	0	0	0	2978	7097	10114	7810	1496	1341	3558	4137	4679	4207	4204	1413	3072	9666	4209	15884	6739	10541	19426	17010	7988	34151	20916	29391	32912	42452	65646	58154	123787	127938	355228	152565	193002	150484	238408	273721	386678	0
FFQ	50	0	0	0	0	0	3447	7156	10984	8066	1431	1488	3964	4210	4933	4330	4445	1346	3244	10280	4168	17320	6793	11165	20406	17944	8161	35723	21626	30001	34643	43883	67851	59670	130323	136043	382988	156684	194738	141051	232725	252902	356870	0
FFQ	51	0	0	0	0	0	3726	7249	11761	8211	1150	1667	4157	4117	4899	4247	4682	1422	3430	10960	3900	18712	6658	11477	21464	18826	8423	36848	22549	30460	36530	45805	69514	61417	136278	143999	412727	159791	194398	132678	227281	233652	327937	0
FFQ	52	99	0	0	0	0	4080	7313	12502	8272	1016	1934	4468	4339	5004	4282	4779	1396	3744	11758	3821	20323	6833	11925	22365	19686	8819	37691	23504	30516	38493	47925	72373	63108	143328	152081	441694	162198	194678	123867	219651	214768	298369	0
FFQ	53	0	0	0	0	0	4560	7197	13069	8236	841	2128	4836	4595	4946	4245	5202	1473	3973	12291	3653	21520	6840	12179	23747	20463	9012	38411	24411	30869	39886	50033	75040	64005	149498	160932	471783	164962	193431	115317	211585	197671	270162	0
FFQ	54	0	0	0	0	0	4985	7122	13799	8200	706	2394	4933	4715	4905	4067	5571	1446	4092	13243	3255	23314	6588	12511	24671	21403	9675	38876	25590	30136	41629	51371	77471	66113	157331	169372	501946	166818	190931	106793	202934	180028	244068	0
FFQ	55	43	0	0	0	0	5438	7241	14919	8389	629	2639	5196	3970	4726	4955	6021	1230	4742	14017	3071	23446	8238	12795	25327	13827	18838	39204	26803	30598	43433	53800	79922	67491	164094	178132	531343	167182	185122	100585	193280	162903	219413	0
FFQ	56	5	0	0	0	0	5958	7124	15833	8568	511	2946	5327	4055	4698	5085	6610	1217	5064	14778	2868	25247	8440	13010	26797	14559	20024	39464	27590	30259	45370	55535	82750	68895	171634	186156	559538	167062	181751	92131	183340	146645	196158	0
FFQ	57	203	0	0	0	0	6604	7048	16709	8577	418	3278	5598	4164	4635	5222	7040	1231	5421	15627	2775	26825	8423	13196	27917	14631	21202	39681	29222	29862	46993	57545	84817	70402	178874	194634	587654	166228	176303	83987	172699	132187	175170	0
FFQ	58	0	0	0	0	0	7096	6992	17836	8666	360	3623	5690	4341	4489	5036	7589	1253	5598	16425	2457	28809	8516	13801	29117	15153	22849	39620	30408	28854	48424	58912	87568	71938	186780	201750	615553	165532	170684	76360	161095	118433	155395	0
FFQ	59	0	0	0	0	0	8290	7736	21364	9766	398	4240	6168	4810	4586	3936	8256	1302	5920	19170	2388	25101	6602	21843	20683	12233	21607	56581	32450	28234	49688	60780	91333	73567	192118	209981	636359	162464	162722	69005	149369	105697	136255	0
FFQ	60	28	0	0	0	0	7800	6037	18880	8247	240	4571	6181	4553	4449	3283	8640	1042	5826	18588	1858	25604	5964	22019	19810	11815	21453	54890	32556	27053	49350	60073	90509	73480	195034	212941	684208	162609	158266	57763	147205	92410	127767	0
FFQ	61	147	0	0	0	0	8344	5922	19204	7949	167	4930	5940	4393	3932	3008	9117	1068	5991	18869	1671	26274	5624	22422	20342	11300	22574	54940	33708	25445	49784	60415	91101	72824	195952	215356	724561	161037	152366	51491	135668	80965	118201	0
FFQ	62	151	0	0	0	0	9074	5613	20448	7875	109	5420	5784	4564	3527	3036	9617	900	6387	20161	1441	27105	5320	22736	20264	11311	23575	55145	34956	24086	50538	60488	91767	72817	198281	220955	758313	158008	145023	45920	124689	70419	107179	0
FFQ	63	8	0	0	0	0	9718	5465	21894	8072	89	5877	5905	4707	3342	2845	10425	981	6806	21391	1308	28123	5076	24043	20870	11278	24727	55219	36374	23201	51382	61197	93664	73333	203026	226035	783322	155075	136802	40886	113386	62575	94575	0
FFQ	64	30	0	0	0	0	10382	5243	23030	8157	70	6515	5873	4832	3195	2672	11181	939	7188	22196	1180	29571	5086	25186	21232	11412	26111	55912	38145	22083	52353	62044	95654	74238	207111	231897	804656	151011	128879	36416	103215	54813	83294	0
FFQ	65	0	0	0	0	0	10793	4977	23786	8209	47	6936	5828	4919	3056	2571	11063	1809	7304	15134	8735	30930	4682	16705	31076	11642	27488	53289	23550	20621	73398	62724	97073	75112	211600	237408	825517	147081	120875	32136	94129	47586	73213	0
FFQ	66	30	0	0	0	0	11636	4693	24510	8306	45	7520	5603	5149	2782	2414	11920	1881	7837	15664	9240	31609	4401	17053	31865	11408	28690	52787	24202	19590	75293	62867	98984	75968	215890	242866	844824	143587	112349	28735	85572	41461	63771	0
FFQ	67	46	0	0	0	0	12438	4503	25831	8413	30	8095	5502	5383	2567	2311	12546	1771	8051	16245	9807	32718	4196	17496	33173	11387	30408	53522	25165	18058	77818	63275	100556	76703	220597	247223	860306	138432	104329	25372	77367	36566	54796	0
FFQ	68	323	0	0	0	0	13258	4294	26820	8578	29	8712	5379	5689	2301	2186	13548	1869	8466	16419	10304	33657	3930	17994	33677	11454	31627	52805	25839	16957	79736	63878	103199	77573	223830	252927	872450	135353	96768	21943	70269	31599	47362	0
FFQ	69	269	0	0	0	0	13944	3989	28153	8596	14	9421	5282	5703	2221	2075	14173	1989	8547	16692	11107	34887	3715	18543	34698	11781	32922	52831	26474	16050	81123	64293	104198	78474	226339	257369	886775	130460	88930	19462	63338	27571	40594	0
FFQ	70	26	0	0	0	0	14607	3682	28801	8772	30	10135	5299	5959	2029	1812	14899	2027	9018	17010	11684	35790	3470	4358	23417	38247	33860	52775	27041	14992	83014	64410	106096	78826	230993	261010	897854	126685	81651	17083	57766	23267	34607	0
FFQ	71	105	0	0	0	0	15615	3425	30039	9039	24	10733	5047	6180	1881	1684	15357	1945	9497	17202	12513	35597	3163	4210	23621	40001	35432	52318	28054	13966	85132	64040	107305	79118	233480	264911	908185	123031	74895	14885	52099	19847	29426	0
FFQ	72	100	0	0	0	0	16212	3137	31332	9122	20	11482	4913	6426	1703	1583	16278	1967	9811	17734	12985	37255	3010	3977	23870	41184	36671	52046	28823	12636	86487	64452	108224	80817	235014	268639	915632	119388	69150	12954	46299	16682	24987	0
FFQ	73	77	0	0	0	0	16944	3075	31603	9359	18	12163	4666	6704	1526	1488	17219	2075	10301	17980	13808	38213	2735	3833	24209	42591	38554	51978	29680	11842	88608	64723	110244	81381	238284	272193	919134	115136	63016	11289	41333	14065	20955	0
FFQ	74	75	0	0	0	0	17876	2867	33341	9501	22	12816	4449	6835	1394	1441	18354	2184	10627	18525	14496	39200	2617	3626	24653	43731	39904	51407	30196	11098	90510	65316	112018	82486	240466	276381	920654	110887	57311	9482	37312	11909	17035	0
FFQ	75	85	0	0	0	0	18726	2487	34179	9715	20	13438	4175	7220	1231	1227	18641	2229	10977	18715	15504	39754	2352	3570	25366	44715	41063	19624	62958	9938	92877	65551	113372	83221	243044	279368	923149	107140	52566	8241	32909	9773	13882	0
FFQ	76	10	0	0	0	0	18095	2249	32063	11050	18	15949	4577	6476	1404	984	21570	1858	12561	17269	18754	46749	2261	3373	29530	55710	48411	22171	79889	11600	117333	80640	148018	113252	285670	353636	701593	80710	38018	6665	28967	7889	6030	0
FFQ	77	63	0	0	0	0	19549	2061	34017	10465	30	15399	3843	6750	1005	848	20786	1987	11930	17348	17582	43183	1864	2886	26562	50654	43793	18207	72092	9070	104659	70846	131652	96962	282465	331670	810985	86454	40159	5547	26296	7251	6082	0
FFQ	78	75	0	0	0	0	20042	1863	34217	10388	19	15310	3467	7005	909	799	20675	1965	11702	17264	17457	41288	1696	2775	25494	48631	43219	15600	68097	7546	97998	65386	119911	87708	259732	299885	911457	93686	40145	4709	22616	5522	6744	0
FFQ	79	30	0	0	0	0	20542	1634	34590	10390	29	15638	3186	7022	786	728	20533	2036	11548	17658	17607	40912	1519	2669	24853	48031	42391	14013	67507	6558	95809	63282	115490	83767	251700	287033	954919	97248	37490	3850	19830	4175	5999	0
FFQ	80	20	0	0	0	0	21407	1487	35201	10740	17	15858	2924	7443	710	712	21131	2235	11672	17884	18004	40570	1405	2640	24904	48480	43380	12514	68362	5740	94839	61961	114190	82191	248515	283732	971653	97695	34464	3145	17169	3179	4829	0
FFQ	81	202	0	0	0	0	22201	1241	36091	10723	25	16721	2704	7386	587	595	21713	2206	12102	18242	18879	41269	1197	2574	25600	49397	44345	11796	68625	5161	96378	61771	113591	82328	246705	283597	975767	96602	31295	2633	14713	2290	3750	0
FFQ	82	91	0	0	0	0	23015	1166	37342	10938	32	17264	2506	7816	495	539	22438	2278	12268	18843	19296	41173	1082	2603	25219	49630	45472	10574	70020	4601	97096	61483	114575	83020	247144	284708	976753	94566	27975	2066	12501	1684	2730	0
FFQ	83	803	0	0	0	0	23860	1005	38846	11338	24	17931	2271	7932	437	531	22588	2324	12697	19336	20214	41766	997	2471	25951	50846	46815	9860	71729	4223	97944	61983	115206	83816	246800	287141	970418	92290	25128	1654	10581	1349	1897	0
FFQ	84	236	0	0	0	0	24045	916	39910	11563	22	18808	2206	7947	416	435	23775	2318	12895	19541	20724	42480	893	2415	26098	51481	47609	9087	72474	3557	100107	62326	116601	84248	247983	289350	966120	90053	22022	1384	8635	915	1407	0
FFQ	85	199	0	0	0	0	25326	828	41361	12072	30	19889	2077	8136	352	400	24071	2390	13305	20050	21507	42894	762	2515	26828	52659	48651	8317	74341	3285	101717	61994	117409	84723	247623	290292	960163	87707	19370	1057	7175	568	959	0
FFQ	86	74	0	0	0	0	25686	710	41750	12446	40	20206	1922	8477	327	333	24765	2383	13731	20081	22346	43679	698	2400	27002	53927	49641	7743	75197	2960	102438	62584	118641	85847	248403	292503	953737	85778	17015	832	5697	389	614	0
FFQ	87	54	0	0	0	0	26213	610	42529	12610	33	20833	1647	8604	272	304	25494	2536	13887	20531	22852	43932	592	2343	27416	54296	50579	7075	76197	2556	103509	62701	119094	85666	250068	294352	949171	83681	15047	618	4484	234	382	0
FFQ	88	196	0	0	0	0	27381	553	44177	12755	32	20973	1441	8796	196	270	25639	2593	14074	21214	23193	44228	524	2448	27466	55160	51121	6295	77960	2318	104616	63021	120555	86429	250412	295382	943353	80901	13106	468	3384	148	224	0
FFQ	89	260	0	0	0	0	28537	509	45764	13049	23	21998	1413	9012	178	217	26560	2614	14823	21576	23953	45015	480	2427	28294	56640	52652	5868	78815	2002	105854	63118	121927	87375	249837	296940	932198	78809	11206	334	2506	91	128	0
FFQ	90	63	0	0	0	0	28932	468	46209	13435	38	22879	1304	8982	178	224	26955	2715	14588	21835	24731	45486	407	2348	28548	56991	52801	5485	79663	1859	107475	63850	122289	88451	250623	299501	924760	77042	9712	284	1780	52	59	0
FFQ	91	337	0	0	0	0	30220	406	47641	13956	32	23431	1192	9288	148	184	27648	2680	14981	21969	25255	45463	354	2440	28897	57810	54347	4911	81008	1648	108438	63574	123460	88719	251219	301151	915508	75075	8107	162	1287	27	29	0
FFQ	92	348	0	0	0	0	31109	339	48669	14303	48	24094	1148	9355	113	148	28601	2837	15398	22713	26094	46510	322	2388	29688	58432	55337	4571	82421	1493	109425	64598	124995	89352	251522	300908	904556	73406	6765	107	873	6	10	0
FFQ	93	526	0	0	0	0	32002	313	50124	14733	29	24682	1048	9750	99	129	29226	2737	15925	23201	26703	46757	282	2437	29932	59682	56970	4406	83067	1295	110742	65185	125665	90392	251830	303892	891613	71397	5566	62	599	0	4	0
FFQ	94	126	0	0	0	0	33089	253	51644	15167	27	25941	991	9989	62	128	29543	2956	16343	23380	27444	47947	235	2460	30275	60652	57572	3842	84918	1118	112415	65963	127013	91639	250902	304409	879921	69704	4530	35	368	0	1	0
FFQ	95	428	0	0	0	0	33731	240	53356	15815	33	26548	874	120	10085	101	30551	3031	16438	23960	28457	48027	210	2566	30998	61165	58518	3642	85968	1073	113957	66200	128184	92570	251790	305468	867189	67681	3776	26	226	0	0	0
FFQ	96	232	0	0	0	0	34873	212	54288	16018	42	27130	827	91	10254	86	30969	3032	16620	24411	28916	49105	164	2599	31599	62213	59673	3231	86150	948	114826	66721	128828	93381	251143	307272	857903	66152	2962	22	109	0	0	0
FFQ	97	367	0	0	0	0	35739	175	55502	16294	42	27681	722	108	10597	79	31433	3086	17043	24798	29605	49789	145	2590	31711	62942	60598	2882	87766	801	115602	67315	129690	93658	251024	307700	848196	64739	2518	9	56	0	0	0
FFQ	98	70	0	0	0	0	37106	177	57517	16791	51	28123	674	88	10845	93	32203	3108	17485	25360	30003	50009	121	2702	32329	63935	62148	2764	89113	810	116648	67773	130507	94111	250971	309217	835050	62977	2089	3	31	0	0	0
FFQ	99	122	0	0	0	0	37763	121	57914	17310	49	28837	586	77	10879	67	33143	3220	17475	25645	31019	50699	77	2684	32679	64224	62346	2516	89651	640	118106	68029	131764	94740	250396	310073	826484	62008	1654	2	3	0	0	0
FFQ	100	3	0	0	0	0	46466	153	70994	20299	63	34969	665	73	13849	84	38914	4200	21298	32561	37107	59668	93	3364	39183	75113	76129	2636	103221	673	134828	77320	148231	105809	250303	331287	656163	46249	1032	0	2	0	0	0
# Last Fragment Qualities. Use `grep ^LFQ | cut -f 2-` to extract this part.
# Columns correspond to qualities and rows to cycles. First column is the cycle number.
LFQ	1	3679	0	0	0	0	0	0	12552	0	0	15257	0	4468	0	0	2624	20881	0	2157	54	2638	0	8828	15736	2362	20427	49145	48737	57146	3555	169327	848768	0	158458	990836	0	0	0	0	0	0	0	0
LFQ	2	2130	0	0	0	0	0	0	13420	0	0	15057	0	4358	0	0	3489	23404	0	2207	39	2693	0	9981	14911	2249	19550	47122	59032	52269	3436	146732	775348	0	83784	1156424	0	0	0	0	0	0	0	0
LFQ	3	1883	0	0	0	0	0	0	13836	0	0	15340	0	4265	0	0	3265	23791	0	2114	45	2876	0	11339	14726	2186	20026	46777	62569	52843	3405	145967	747727	0	72104	1190551	0	0	0	0	0	0	0	0
LFQ	4	2433	0	0	0	0	0	0	13581	0	0	15011	0	4163	0	0	0	9905	8628	2131	7453	2802	0	7815	2860	2283	13965	20288	11851	30167	1551	47505	5796	74644	85778	0	561347	0	1505678	0	0	0	0	0
LFQ	5	2395	0	0	0	0	0	0	13737	0	0	14944	0	4182	0	0	0	9996	8523	2133	7097	2899	0	8104	2835	2332	13951	20849	11956	30232	1513	47644	5782	75308	85404	0	563575	0	1502244	0	0	0	0	0
LFQ	6	326	0	0	0	0	0	73	7709	10247	0	7410	1898	2073	2396	502	5243	3806	12154	3767	3345	1212	2308	4176	9911	1750	15486	14408	13922	19680	10906	43815	23424	83142	59893	1	532073	32604	1507975	0	0	0	0	0
LFQ	7	108	0	0	0	0	56	58	7689	10888	0	7520	1921	1979	2271	457	5109	3960	11896	3973	3550	1155	2439	4254	10493	1772	15637	14545	15235	17924	11244	44622	23263	83612	59386	4	529420	32818	1508377	0	0	0	0	0
LFQ	8	585	0	0	0	0	86	62	7674	11066	0	7710	2034	1905	2369	459	5097	3957	10339	4015	3399	1247	2432	4367	10527	1789	16240	14780	17865	15643	11495	44827	22808	83720	60087	2	530190	32475	1506384	0	0	0	0	0
LFQ	9	253	0	0	0	0	132	59	7794	11230	0	7784	1964	1984	2513	487	5091	3996	10188	4093	3651	1239	2517	4354	10303	1880	16009	6953	27373	13608	11551	45434	18358	65766	43906	39149	177044	145	294742	160220	1435865	0	0	0
LFQ	10	302	0	0	0	0	160	104	7849	12161	2	9355	2467	1971	2473	480	5379	4178	10619	4262	3847	1275	2592	4438	10644	1923	16340	6922	30222	11174	11425	46230	17638	65652	44474	38396	176912	152	294767	161570	1429280	0	0	0
LFQ	11	122	0	0	0	0	166	164	7593	11365	21	7927	2135	1966	2626	483	5444	4076	10661	4129	3786	1249	2649	4422	10669	1961	16288	7045	32543	9227	11695	46695	17515	67119	44554	39213	177750	143	296129	162769	1425336	0	0	0
LFQ	12	731	0	0	0	0	188	206	7433	11743	57	7864	2148	1936	2551	489	5369	4126	10231	4085	3943	1253	2756	4476	10529	2055	16590	7010	33872	7723	12037	47403	16798	67000	44694	39046	179129	164	298650	163472	1419878	0	0	0
LFQ	13	777	0	0	0	0	197	247	7695	11829	135	8174	2206	2039	2694	543	5561	4132	10406	4198	3889	1228	2906	4350	10828	2246	16717	7416	33656	7582	12049	48431	16378	66533	45210	38060	180457	174	299813	166809	1412070	0	0	0
LFQ	14	1211	0	0	0	0	205	320	7845	12421	245	8210	2112	1977	2695	541	1519	6846	11787	4384	4193	1254	3033	4355	7691	5420	17009	7313	33456	7314	11901	27329	35751	47133	53449	41365	33544	115077	88156	246410	163837	474543	945784	0
LFQ	15	755	0	0	0	0	258	414	8185	12738	378	8335	2114	2000	2743	559	1685	7042	11778	4455	4393	1297	3088	4349	8103	5760	17487	7308	33081	7466	12177	28405	36238	47098	54129	41214	34912	114765	89018	248079	164068	475449	936312	0
LFQ	16	797	0	0	0	0	284	502	8305	12937	542	7955	2055	2096	2820	538	1902	7212	11410	4452	4275	1341	3287	4409	8177	6210	17712	7676	32859	7770	11783	29248	35807	46865	54123	40938	36446	114906	89755	249170	165439	476290	929342	0
LFQ	17	595	0	0	0	0	289	604	8490	13187	775	7830	1943	2014	2689	560	2236	7424	11119	4483	4499	1413	3349	4382	8411	6596	17910	7872	31965	7927	12054	30808	36138	46376	55549	41086	37994	113842	90769	250933	165592	476911	921021	0
LFQ	18	1174	0	0	0	0	308	627	8426	13850	1047	7821	1911	2183	2915	659	2744	7806	10534	4593	4594	1397	3603	4306	8456	7315	18077	7912	30909	8043	12019	32054	36085	46102	56072	40581	40497	113383	91319	253795	167504	476785	910229	0
LFQ	19	661	0	0	0	0	353	853	8612	13946	1443	7475	1756	2245	3026	635	3119	7322	3720	11740	4566	1444	3912	4347	8676	7809	18069	8473	30265	8559	12372	33991	35658	45464	39521	57444	43254	95845	99377	226987	194850	484201	905645	0
LFQ	20	797	0	0	0	0	377	980	8591	14481	1756	7184	1597	2246	3018	636	3602	7644	4146	10601	4869	1609	4340	4381	9031	8599	18273	8741	29348	8531	12367	35594	35701	44585	40411	57133	45881	95111	99445	229397	197157	484897	894578	0
LFQ	21	1661	0	0	0	0	448	1136	8462	15190	2371	6760	1504	2322	3023	783	4133	8155	4258	9866	4831	1650	4720	4493	9086	9512	18564	9090	28549	9195	12515	37213	36102	43537	41942	56695	48678	94555	100303	232062	197005	485233	882033	0
LFQ	22	844	0	0	0	0	460	1436	9174	15414	2835	6390	1342	2445	2928	860	4898	8513	4482	9038	5032	1802	5091	4546	9310	10122	19241	9497	27572	9213	12817	39346	36375	43020	43181	56306	52668	94101	100403	236431	197032	483688	869782	0
LFQ	23	964	0	0	0	0	545	1699	9206	15814	3429	5728	1255	2618	3219	939	5559	8905	4429	8205	5175	1870	5571	4656	9186	10908	19527	9618	26317	9858	12834	41888	36729	41404	44658	55914	56648	93163	100948	241109	197204	484346	855590	0
LFQ	24	647	0	0	0	0	579	1985	9233	16246	3979	5063	1057	2747	3273	1122	6304	8946	4077	7710	5201	2133	6031	4782	9387	11552	19826	10239	25794	10180	13119	43393	37005	40819	46505	54795	61040	92454	101915	244595	191552	479156	853194	0
LFQ	25	225	0	0	0	0	661	2318	9524	16487	4737	4627	1005	2914	3420	1272	7068	9481	4037	7163	5277	2295	6598	5054	9455	12423	20058	10627	24673	11057	13533	45413	37510	40410	48645	53996	65934	91902	102700	249521	190077	482434	833104	0
LFQ	26	207	0	0	0	0	686	2651	9298	16536	5745	4214	992	3162	3533	1267	7760	9530	3523	6909	5388	2539	7347	5335	9765	12945	20370	11475	24005	12072	13996	47519	38217	40077	50692	53262	70731	90522	104627	252339	189692	484709	813998	0
LFQ	27	246	0	0	0	0	750	3131	9166	16980	6363	3517	910	3140	3714	1601	8447	9202	3401	6734	5324	2876	7909	5712	9989	13543	20157	12301	23247	13133	14502	48868	38994	40168	52803	52151	75917	89575	105849	255562	187908	487201	796644	0
LFQ	28	369	0	0	0	0	845	3662	9338	17234	6948	2962	875	3259	3809	1793	9182	8921	3115	6681	5568	3173	8613	6084	10219	14424	20360	13253	22913	14072	14921	50509	39412	40326	55619	52197	80718	88894	107711	257262	187101	489305	775988	0
LFQ	29	119	0	0	0	0	920	4253	9584	17769	7336	2478	877	3467	4042	2114	9689	8963	2912	6753	5618	3507	9395	6645	10231	14875	20069	14158	22243	15020	15633	51386	40590	40568	58961	52357	85920	88173	110176	258534	187405	488672	756223	0
LFQ	30	23	0	0	0	0	968	4710	9952	17505	7647	2021	888	3735	4286	2454	10253	8325	2517	6743	5796	3861	9068	7214	11496	15272	19876	15191	22339	15973	16240	51928	41519	41506	61928	51763	91290	87729	111852	259057	188947	487888	737875	0
LFQ	31	583	0	0	0	0	1180	5393	10208	17802	8021	1658	1016	3961	4570	2627	10695	7631	2291	6680	5916	4176	9758	7608	11895	15811	19319	16362	21960	17098	16587	51910	42772	42080	64719	52388	95215	87948	115212	262426	189135	485854	717170	0
LFQ	32	367	0	0	0	0	1239	5991	10756	17764	8204	1267	1142	4241	4858	3031	10944	7236	2257	7022	6156	4560	10249	8186	12016	16227	18644	17663	21775	18156	17216	51602	43989	42658	67322	52744	101079	88540	117969	261377	190447	482054	700687	0
LFQ	33	1193	0	0	0	0	1453	6680	10842	17616	8445	978	1285	4447	5123	3414	11418	6832	1996	7319	6264	5131	11222	8687	12509	16609	17943	19274	21541	19889	18085	51317	45324	43441	70088	53838	106196	89931	120594	261604	191631	476474	681002	0
LFQ	34	1404	0	0	0	0	1614	7487	11587	17795	8482	848	1500	4793	5526	3717	11392	6136	2015	7594	6316	5632	11460	9476	13312	16679	17236	20511	21882	21192	19069	50551	46497	45289	72976	55319	111424	91460	124333	261165	193779	470255	659932	0
LFQ	35	286	0	0	0	0	1790	8103	12659	17478	8226	750	1701	5358	5939	4076	12052	5677	2018	7941	6601	6239	11892	9930	13642	17676	16586	22493	21909	22967	20233	50690	48178	46601	76814	57573	117130	92814	127934	259133	197118	463087	636341	0
LFQ	36	1586	0	0	0	0	1964	9075	12602	17751	8199	687	1920	5490	6388	4480	11310	5243	1996	8285	6869	7043	12287	10687	14357	18024	15711	24008	22058	24715	21159	49031	49730	48214	80152	60378	123507	96040	131790	258027	199032	454704	613136	0
LFQ	37	1486	0	0	0	0	2131	9757	13097	17501	7869	726	2311	5763	6816	4656	11159	4783	2162	8603	6885	7499	12898	11142	14938	18484	14791	25575	22076	26734	22149	48413	50852	49748	82937	62694	131004	99052	135511	253957	203179	445736	592561	0
LFQ	38	1585	0	0	0	0	2383	10783	14033	17660	7712	789	2524	5979	7159	4988	10519	4565	2270	9087	7092	8398	13598	11843	15230	18532	13971	27923	22264	28466	23424	47671	53387	51925	86783	67258	137692	102495	139252	250878	204735	434412	568370	0
LFQ	39	1792	0	0	0	0	2580	11208	14731	17689	7337	876	2851	6363	7507	5550	10268	4312	2523	9561	7220	9230	11564	12196	18801	18917	13321	29581	22307	30430	24761	46867	54917	54134	90308	71562	146491	106506	143132	244131	210260	422841	543010	0
LFQ	40	801	0	0	0	0	2838	11850	15627	17652	6794	983	3179	6832	7853	5787	10356	4167	2754	10198	7586	9955	12289	12824	20079	19196	12623	32124	22591	32617	26434	46988	57020	56562	94037	76132	156226	111274	146884	240002	212049	409469	515003	0
LFQ	41	747	0	0	0	0	3176	12536	16038	17284	6118	1030	3617	7147	8394	6175	9850	3924	2899	10877	7288	10603	12401	13559	21166	19163	12329	33459	22805	34754	28333	46335	59028	58935	97715	81553	165895	115564	151245	234147	215683	395476	490387	0
LFQ	42	621	0	0	0	0	3507	13360	16813	17788	5692	1188	4078	7229	8676	6437	9364	3714	3004	11725	7489	11526	12771	14084	22340	19640	11781	35824	23011	36233	30051	46799	61269	60286	101773	87793	177720	120964	155320	226952	215943	380010	464860	0
LFQ	43	471	0	0	0	0	3820	13863	17724	17836	5318	1313	4523	7762	9218	6704	8853	3695	3221	12656	7198	12169	13461	14759	23202	20026	11271	37956	23171	38114	31695	46620	63039	62813	105867	94690	190772	125439	158839	220238	217735	363621	437963	0
LFQ	44	447	0	0	0	0	4152	14300	18346	18045	4760	1491	5091	7685	9468	6921	8708	3746	3475	13575	7415	13129	14062	15356	24263	20422	11112	39675	23431	39404	33801	47375	64940	64365	110561	101115	204862	130384	162254	213375	218125	346507	411492	0
LFQ	45	218	0	0	0	0	4682	14887	19104	18548	4223	1613	5576	7767	9631	6954	7574	2695	3745	12953	6919	19096	10948	15800	26696	20325	13144	42176	23279	41064	36053	48201	67463	66611	115101	108201	219914	133854	164500	205129	218095	329557	385339	0
LFQ	46	631	0	0	0	0	5199	15329	19986	18696	3915	1880	5964	7694	10075	7078	7311	2671	3926	13911	6860	20682	10994	16045	28151	20489	13189	44366	23523	42334	38047	49177	70344	68797	120498	116014	236448	138596	167138	196863	215478	310913	358423	0
LFQ	47	444	0	0	0	0	5936	15847	21344	19008	3407	2110	6510	8007	10452	7204	7324	2542	4402	14769	6956	22330	11112	16932	29904	21079	13675	46550	23887	44068	40091	50329	72831	70614	126663	123856	252660	143266	168714	186835	212886	292179	330912	0
LFQ	48	666	0	0	0	0	6379	15772	22058	19116	2913	2468	6984	8053	10586	7251	7443	2543	4702	15843	6617	24372	11251	17400	31970	21213	14046	47920	24310	44936	42020	52422	75995	72251	131763	131847	270212	146796	170204	177447	210532	272925	306409	0
LFQ	49	121	0	0	0	0	6977	16087	23608	18999	2568	2762	7573	8322	10716	7420	7448	2533	4990	16704	6273	26056	11200	17881	27770	25094	13149	50182	28423	45766	45100	54576	78743	74352	137788	140827	288560	149548	170437	163045	210917	253825	281295	0
LFQ	50	369	0	0	0	0	7666	16288	24915	19145	2221	3094	8176	8226	10802	7461	7584	2480	5394	17931	6217	28193	11371	18509	29022	26215	13360	51686	29561	46324	47683	56646	81945	76296	144247	148568	306891	152374	170271	152997	204498	235915	257094	0
LFQ	51	79	0	0	0	0	8035	15602	25470	18933	1827	3753	9671	9207	12097	6915	8528	2386	5769	19647	5519	33751	12322	22298	32550	31996	16630	61599	33845	58159	56837	76019	109471	100605	181255	195899	250417	162270	157156	160524	242831	189168	98595	0
LFQ	52	114	0	0	0	0	9074	16239	27324	18934	1490	4026	9609	8494	10909	6954	8489	2285	6212	19774	5563	33762	11635	20392	33131	29796	14884	57954	33274	51513	54926	67678	98439	91356	179125	191627	296785	163290	152452	147009	231873	203958	117286	0
LFQ	53	583	0	0	0	0	10146	16120	28859	18990	1280	4365	9715	8330	10625	6952	8769	2340	6523	20789	5192	34733	11352	20047	33439	30443	15061	56900	33202	48284	54908	64947	93719	85298	172611	184376	346162	160333	157594	130541	199593	191865	152649	0
LFQ	54	428	0	0	0	0	10800	15816	30132	18547	1051	4767	10101	8688	10404	6830	9314	2334	6899	21858	4884	36743	11318	19872	34473	30361	15302	56110	33358	46468	56093	66080	93614	84273	173927	185730	380400	158044	158761	116508	181418	170719	165210	0
LFQ	55	758	0	0	0	0	11706	15827	31520	18077	892	5331	10404	7231	9950	7828	10272	2037	7809	22494	4381	36780	13580	19805	35832	21739	26539	56506	34564	46082	56986	67296	95212	82960	177951	191936	407454	156546	155398	106794	168853	153029	159276	0
LFQ	56	1335	0	0	0	0	12585	15461	33615	18268	787	5847	10797	7342	9639	7976	10956	2119	8331	23644	4116	38901	13622	19736	37328	21874	27870	56264	36044	44890	59424	69416	97901	84618	183005	199893	428757	154764	151508	97277	158100	137001	146624	0
LFQ	57	526	0	0	0	0	13885	15375	35580	18041	603	6352	11290	7684	9281	8025	11599	2035	8776	25190	3865	40807	13955	20376	38824	22418	29962	56424	37370	44253	61125	70818	100587	85349	190400	208346	447530	152410	146506	88801	148486	122978	131803	0
LFQ	58	363	0	0	0	0	15079	14484	37240	17650	491	7148	11631	7854	9107	8157	12879	2094	9280	26376	3502	43615	14210	20190	41376	23079	31782	57461	39441	42872	63181	73060	103118	86439	195984	216030	465385	149359	141295	80007	137372	110419	118625	0
LFQ	59	370	0	0	0	0	13348	11662	32591	15677	327	7557	11114	6649	8087	4637	12161	1547	8406	25137	2635	35627	9773	28264	27310	16848	25746	70821	37841	39872	58551	70216	98610	83390	198250	216516	536989	150842	142742	64284	145832	99887	117519	0
LFQ	60	6	0	0	0	0	13957	11038	33658	15100	233	7761	10995	6552	7247	4516	12257	1524	8461	24636	2259	34618	9280	27385	26475	16019	25871	68485	37202	36765	56723	66821	95410	79785	197588	215283	596785	150847	142053	57305	134874	89153	112708	0
LFQ	61	0	0	0	0	0	14656	10329	34439	14539	213	8098	10576	6479	6774	4383	12625	1486	8884	25833	2118	35364	9210	28059	26582	15767	26751	68403	38075	34768	56449	66715	94542	77730	199295	216420	638269	148234	137682	51600	123280	78250	104758	0
LFQ	62	55	0	0	0	0	15413	10066	36208	14268	153	8782	10183	6481	6351	4123	13589	1438	9174	26936	1857	36223	8673	28921	26958	15537	27858	68610	39384	33742	57131	66391	96164	78157	203031	220636	666306	145291	131402	45887	113292	68931	94033	0
LFQ	63	219	0	0	0	0	16909	10173	38812	14687	128	9680	10204	6846	6245	4225	14597	1506	9719	27904	1649	37430	8734	29360	27353	15625	29996	69260	41262	31930	57973	67316	97472	78211	207188	225383	686266	142374	123074	40833	103773	60135	83184	0
LFQ	64	372	0	0	0	0	17622	9079	39199	14370	99	10744	10308	7105	5770	4032	15482	1419	10272	28898	1437	38931	8223	30719	28059	15584	31115	69149	42654	31133	58578	68319	99013	79238	212198	231201	705298	138669	116139	36114	94404	53464	73225	0
LFQ	65	195	0	0	0	0	18356	8840	40677	14255	61	11333	9923	7027	5440	3651	15569	2281	10618	21439	9589	41050	8045	20381	40335	15136	32815	66044	27359	28906	81341	69185	102175	79957	216416	237426	720025	134696	108514	32565	85555	46644	63811	0
LFQ	66	369	0	0	0	0	19329	8215	41798	14128	41	12140	9748	7386	5017	3570	16389	2350	11156	21612	10283	41550	7641	20734	41393	15330	34211	66185	27709	27468	83889	69611	104028	81064	221270	243419	733769	130603	101167	29022	77836	40631	55574	0
LFQ	67	104	0	0	0	0	20355	7844	43153	13896	46	12803	9693	7574	4615	3407	17516	2322	11625	22092	10748	43072	7150	21058	42739	15165	35798	66051	28767	26083	86007	69914	105672	81383	226170	248939	746330	126041	93924	25532	70176	35762	48109	0
LFQ	68	349	0	0	0	0	21850	7324	44717	13915	35	13370	9385	7745	4096	3272	18107	2339	11901	22640	11497	43736	6973	22056	44222	15077	37421	65781	29779	24208	88230	70401	106853	82188	231597	253822	755548	121699	86469	22518	64007	31041	41467	0
LFQ	69	96	0	0	0	0	21087	6140	41940	13369	25	14030	8714	7098	3628	2664	18113	2072	11816	20643	11384	42915	6270	20111	44107	14407	36044	63174	28525	22138	86163	67252	105016	80676	228839	249232	809343	123054	82367	17247	62602	25859	39475	0
LFQ	70	352	0	0	0	0	22336	5710	43838	13688	18	15015	8222	7187	3189	2438	18708	2155	12150	20620	11994	42683	5870	5890	29462	42773	37140	60613	29156	20524	85698	65830	102094	78943	225020	245940	844272	121126	77232	14934	57199	21666	35950	0
LFQ	71	520	0	0	0	0	23280	5450	45230	13748	28	16230	7906	7460	2927	2385	19393	2183	12577	21162	12551	43832	5694	5488	29875	43644	38522	59661	29746	18879	86263	65004	101915	78735	223909	247234	861839	118548	71729	13025	51478	18198	31387	0
LFQ	72	714	0	0	0	0	23739	4839	46514	13802	30	17134	7458	7508	2775	2280	20144	2173	13329	21246	13249	44633	5409	5284	30539	45034	40219	58734	30104	17714	87379	64726	102386	78611	224029	249753	874546	115656	66423	11195	46386	15069	26872	0
LFQ	73	1077	0	0	0	0	24913	4500	48123	13753	28	17918	7161	7821	2409	2101	20997	2143	13719	21693	14077	44676	4952	4969	30744	45756	41090	58515	31053	16475	88830	65027	103033	78796	227197	252528	881425	111909	61582	9764	41508	12782	22591	0
LFQ	74	666	0	0	0	0	25800	4077	49330	14118	28	19116	7142	7907	2309	1964	21805	2267	14092	21956	15240	45937	4928	4650	31289	47097	42578	58304	31662	15214	90486	64719	104297	79508	227348	254520	887509	108536	56217	8285	37383	10566	18785	0
LFQ	75	1618	0	0	0	0	26806	3764	50612	14497	28	20050	6490	8078	1981	1849	22816	2309	14566	22322	15922	46527	4589	4623	31873	48030	44330	28150	61954	14347	92290	64817	104824	80217	228617	257982	889980	104373	51978	7054	33248	8673	15451	0
LFQ	76	2505	0	0	0	0	27955	3511	51402	14728	25	21249	5995	8226	1758	1714	23578	2385	14892	22660	16571	46871	4327	4248	32134	49626	45737	26596	63433	13279	93771	64646	106196	81001	230633	261188	890351	101423	47891	5948	29487	7028	12667	0
LFQ	77	2242	0	0	0	0	28833	3097	52810	14844	24	22255	5911	8375	1651	1701	24438	2311	15487	22580	17314	47941	4211	4049	32277	50933	46835	25230	65327	12258	95267	64819	107698	81567	231842	263268	891147	98400	43842	5206	25729	5679	10237	0
LFQ	78	135	0	0	0	0	29460	2746	53838	15108	34	23840	6038	8553	1472	1511	24793	2352	15814	22914	18139	48294	4080	3897	33100	51940	47676	23643	66918	11376	96681	64605	109352	82087	234502	266320	891112	95838	40015	4150	22409	4678	8215	0
LFQ	79	986	0	0	0	0	30658	2440	54798	15024	29	23764	5214	8739	1222	1466	25849	2401	16193	23215	18571	48430	3905	3741	33688	52310	48358	22674	68460	10487	98259	64693	109858	82402	235879	268721	892190	93505	36273	3553	19569	3542	6569	0
LFQ	80	1423	0	0	0	0	32012	2207	57066	15452	27	24486	4663	8949	1100	1417	26430	2517	16685	23927	19546	49322	3677	3750	34128	53642	50027	21478	70039	9680	99094	65010	110837	83211	236229	270585	887524	91114	32977	2851	16770	2744	5039	0
LFQ	81	1938	0	0	0	0	32325	2114	57415	15943	30	25724	4211	8928	946	1320	27302	2616	16794	23700	20239	49572	3548	3689	34226	54354	51360	20336	71764	8910	100464	64921	111962	83923	237393	272760	886024	88588	29660	2300	14412	2058	3866	0
LFQ	82	1897	0	0	0	0	33795	1798	58410	16257	24	26659	3975	9393	791	1287	27886	2519	17174	24536	21003	50166	3491	3432	34883	55590	52399	19223	73162	8228	102033	64826	113745	84625	238129	274750	879806	86572	26864	1887	12156	1613	2651	0
LFQ	83	1424	0	0	0	0	34865	1562	59886	16493	38	27463	3803	9401	743	1199	28805	2631	17728	24544	21889	50872	3209	3323	35280	56458	53425	18134	74438	7711	103326	65132	113902	85623	238036	276981	876171	84285	23955	1430	10325	1142	2003	0
LFQ	84	886	0	0	0	0	35506	1483	61279	16944	40	28663	3525	9439	653	1151	29678	2595	17820	25004	22466	51265	3196	3148	35729	57528	54927	17205	75606	7114	104392	65336	115132	85686	239411	278845	870849	82205	21134	1192	8400	823	1380	0
LFQ	85	934	0	0	0	0	36734	1320	62615	17329	44	29545	3239	9825	549	1142	30154	2694	17885	25539	23087	51643	3026	3291	36174	58157	55984	16450	77200	6677	105488	65769	115763	87289	240807	280740	863093	79460	18600	923	6989	565	912	0
LFQ	86	919	0	0	0	0	38524	1140	64921	17849	38	30344	2902	10037	441	1069	31016	2811	18856	26214	24217	52987	3016	3171	36966	59884	57342	15689	78709	6135	107838	65531	116991	87358	239948	281796	852884	76544	16329	684	5577	360	598	0
LFQ	87	18	0	0	0	0	39029	976	65661	18362	34	31426	2758	10077	394	1001	32019	2876	19421	26563	25147	53268	2886	3092	38043	60807	58455	14915	79817	5635	108251	66600	118914	88716	239679	284676	843922	74552	14192	547	4273	244	389	0
LFQ	88	618	0	0	0	0	39486	888	65634	18444	40	31832	2462	10352	338	994	32029	2855	19522	26636	25483	53479	2785	2982	37700	61755	59063	14171	81383	5410	109659	65924	119737	89593	242502	287413	837643	72403	12406	419	3207	136	252	0
LFQ	89	423	0	0	0	0	41007	755	68160	19076	40	33158	2255	10889	303	922	33278	2931	19887	27545	26596	54504	2772	3086	38560	62441	60343	13768	82466	4868	110680	67035	120118	89059	239970	286607	830513	70076	10615	284	2429	83	133	0
LFQ	90	1417	0	0	0	0	41660	698	68954	19373	45	33131	2090	10451	241	964	33632	2850	19942	27647	27115	54274	2703	3003	38812	62824	61340	12936	83258	4675	112783	66498	121595	89978	240895	288744	823747	68189	9083	203	1764	37	84	0
LFQ	91	267	0	0	0	0	42959	585	70189	19734	40	34757	1797	10847	209	909	34241	2983	20327	27909	27531	54787	2599	2932	39004	63912	62576	12473	84318	4530	113152	67217	122281	91073	240657	289493	815671	66572	7696	147	1201	17	43	0
LFQ	92	477	0	0	0	0	44101	516	71589	20034	34	34717	1670	11166	172	895	34361	2975	20787	28237	27891	54903	2481	3024	39365	64015	63248	11869	85461	4104	113474	67706	123262	91385	241365	291441	808605	64920	6430	91	846	1	17	0
LFQ	93	608	0	0	0	0	44826	412	72729	20630	31	35493	1499	11109	151	915	35304	3172	21153	28609	28766	55762	2459	3014	40115	65011	64085	11368	86066	4023	115336	67589	123365	91858	240472	290706	800804	64102	5467	83	539	2	2	0
LFQ	94	1011	0	0	0	0	46194	377	75116	21009	52	36808	1373	11543	89	853	36304	3170	21369	29355	29627	56385	2500	2949	40467	65961	65239	10997	87189	3810	115979	67880	125003	92718	239570	291573	788575	61819	4371	31	369	0	0	0
LFQ	95	470	0	0	0	0	47109	385	75976	21416	52	37681	1200	767	10995	797	36761	3150	21940	30138	30522	57111	2403	2998	41147	66816	66208	10427	88281	3499	117176	68682	126157	92992	240277	293583	775967	60652	3639	19	242	0	0	0
LFQ	96	1101	0	0	0	0	48383	298	77594	21950	64	38210	1099	709	11167	843	37584	3334	21963	30236	30818	57669	2278	3120	41550	67133	67290	10225	89143	3335	118197	68573	126497	93112	239905	293446	768655	58990	3043	13	108	0	0	0
LFQ	97	157	0	0	0	0	49368	219	79349	22836	56	39804	1083	707	11312	801	38807	3425	22785	30697	31884	58744	2377	3038	42093	68494	69024	9623	90345	3221	119388	69064	127496	94235	238473	292766	756233	57208	2459	7	57	0	0	0
LFQ	98	598	0	0	0	0	50811	208	81281	23271	59	40640	947	724	11334	805	39629	3429	23314	31273	32910	59432	2293	3120	42794	69719	70092	9304	91577	3007	120834	69763	128397	94768	237464	294153	742337	55375	1940	5	28	0	0	0
LFQ	99	296	0	0	0	0	51896	173	81760	23530	65	41209	831	681	11627	724	39477	3564	23407	31294	32968	59696	2329	3082	42844	70256	70868	9040	92355	3034	122202	70235	129981	95551	237610	296304	732412	54759	1568	0	7	0	0	0
LFQ	100	114	0	0	0	0	60117	176	95164	26617	67	47474	881	633	14638	704	45439	4612	26518	38266	39098	66008	2306	3959	48413	77714	82365	8878	102905	2755	135314	77786	141601	103684	234518	308787	597974	41171	979	0	0	0	0	0
# GC Content of first fragments. Use `grep ^GCF | cut -f 2-` to extract this part.
GCF	3.77	0
GCF	8.04	1
GCF	9.05	4
GCF	10.05	5
GCF	11.06	15
GCF	12.06	16
GCF	13.07	40
GCF	14.07	52
GCF	15.08	101
GCF	16.08	165
GCF	17.09	210
GCF	18.09	287
GCF	19.10	430
GCF	20.10	672
GCF	21.11	913
GCF	22.11	1175
GCF	23.12	1569
GCF	24.12	2195
GCF	25.13	2931
GCF	26.13	3816
GCF	27.14	4617
GCF	28.14	5538
GCF	29.15	6536
GCF	30.15	7666
GCF	31.16	8713
GCF	32.16	10080
GCF	33.17	12102
GCF	34.17	13574
GCF	35.18	15358
GCF	36.18	17404
GCF	37.19	20086
GCF	38.19	22497
GCF	39.20	25831
GCF	40.20	29740
GCF	41.21	33913
GCF	42.21	38971
GCF	43.22	43997
GCF	44.22	51029
GCF	45.23	58961
GCF	46.23	68350
GCF	47.24	77020
GCF	48.24	88656
GCF	49.25	98875
GCF	50.25	109503
GCF	51.26	119163
GCF	52.26	128723
GCF	53.27	135522
GCF	54.27	139223
GCF	55.28	138610
GCF	56.28	133142
GCF	57.29	125486
GCF	58.29	115012
GCF	59.30	102329
GCF	60.30	89464
GCF	61.31	75037
GCF	62.31	61697
GCF	63.32	49649
GCF	64.32	37912
GCF	65.33	28976
GCF	66.33	21042
GCF	67.34	15047
GCF	68.34	10633
GCF	69.35	7434
GCF	70.35	5002
GCF	71.36	3479
GCF	72.36	2255
GCF	73.37	1476
GCF	74.37	931
GCF	75.38	626
GCF	76.38	458
GCF	77.39	299
GCF	78.39	221
GCF	79.40	149
GCF	80.40	122
GCF	81.41	100
GCF	82.41	61
GCF	83.42	30
GCF	84.42	26
GCF	85.93	16
GCF	87.44	4
GCF	88.44	8
GCF	89.45	4
GCF	90.45	2
GCF	91.96	1
# GC Content of last fragments. Use `grep ^GCL | cut -f 2-` to extract this part.
GCL	0.25	4
GCL	1.01	2
GCL	2.01	3
GCL	3.02	5
GCL	4.02	11
GCL	5.03	13
GCL	6.03	11
GCL	7.04	13
GCL	8.04	8
GCL	9.05	14
GCL	10.05	26
GCL	11.06	28
GCL	12.06	34
GCL	13.07	51
GCL	14.07	84
GCL	15.08	132
GCL	16.08	169
GCL	17.09	233
GCL	18.09	295
GCL	19.10	477
GCL	20.10	650
GCL	21.11	950
GCL	22.11	1179
GCL	23.12	1610
GCL	24.12	2064
GCL	25.13	2882
GCL	26.13	3741
GCL	27.14	4622
GCL	28.14	5405
GCL	29.15	6290
GCL	30.15	7860
GCL	31.16	8826
GCL	32.16	10035
GCL	33.17	11835
GCL	34.17	13620
GCL	35.18	15238
GCL	36.18	17591
GCL	37.19	20017
GCL	38.19	22497
GCL	39.20	25894
GCL	40.20	29437
GCL	41.21	33844
GCL	42.21	38554
GCL	43.22	43847
GCL	44.22	51221
GCL	45.23	58689
GCL	46.23	67297
GCL	47.24	77098
GCL	48.24	87010
GCL	49.25	97342
GCL	50.25	108809
GCL	51.26	117932
GCL	52.26	128071
GCL	53.27	134067
GCL	54.27	137250
GCL	55.28	137723
GCL	56.28	133247
GCL	57.29	125717
GCL	58.29	116247
GCL	59.30	103496
GCL	60.30	90365
GCL	61.31	76807
GCL	62.31	63390
GCL	63.32	50906
GCL	64.32	38990
GCL	65.33	29751
GCL	66.33	22088
GCL	67.34	15785
GCL	68.34	11385
GCL	69.35	8161
GCL	70.35	5492
GCL	71.36	3953
GCL	72.36	2722
GCL	73.37	1803
GCL	74.37	1210
GCL	75.38	808
GCL	76.38	644
GCL	77.39	425
GCL	78.39	343
GCL	79.40	257
GCL	80.40	207
GCL	81.41	145
GCL	82.41	135
GCL	83.42	110
GCL	84.42	96
GCL	85.43	71
GCL	86.43	39
GCL	87.44	57
GCL	88.44	35
GCL	89.45	28
GCL	90.45	17
GCL	91.46	23
GCL	92.46	16
GCL	93.47	12
GCL	94.47	11
GCL	95.48	9
GCL	96.98	7
GCL	98.49	4
GCL	99.50	2
# ACGT content per cycle. Use `grep ^GCC | cut -f 2-` to extract this part. The columns are: cycle; A,C,G,T base counts as a percentage of all A/C/G/T bases [%]; and N and O counts as a percentage of all A/C/G/T bases [%]
GCC	1	23.75	26.06	26.28	23.90	0.11	0.00
GCC	2	24.18	25.66	25.91	24.25	0.04	0.00
GCC	3	23.95	25.88	26.11	24.06	0.04	0.00
GCC	4	23.72	26.12	26.28	23.88	0.05	0.00
GCC	5	23.99	25.79	26.05	24.18	0.05	0.00
GCC	6	23.75	26.09	26.34	23.83	0.01	0.00
GCC	7	24.00	25.84	26.03	24.13	0.00	0.00
GCC	8	24.20	25.63	25.82	24.35	0.01	0.00
GCC	9	24.15	25.71	25.94	24.20	0.01	0.00
GCC	10	24.25	25.59	25.79	24.37	0.01	0.00
GCC	11	24.30	25.55	25.76	24.39	0.00	0.00
GCC	12	24.17	25.65	25.87	24.30	0.02	0.00
GCC	13	24.25	25.59	25.74	24.42	0.02	0.00
GCC	14	24.37	25.46	25.67	24.50	0.02	0.00
GCC	15	24.21	25.61	25.85	24.32	0.02	0.00
GCC	16	24.21	25.60	25.83	24.36	0.02	0.00
GCC	17	24.23	25.63	25.79	24.35	0.01	0.00
GCC	18	24.03	25.79	26.03	24.15	0.02	0.00
GCC	19	24.02	25.79	26.00	24.19	0.01	0.00
GCC	20	24.12	25.72	25.97	24.20	0.02	0.00
GCC	21	23.93	25.90	26.08	24.09	0.03	0.00
GCC	22	23.96	25.88	26.06	24.10	0.02	0.00
GCC	23	24.07	25.78	25.97	24.17	0.02	0.00
GCC	24	23.87	25.96	26.18	23.99	0.01	0.00
GCC	25	23.91	25.91	26.12	24.05	0.00	0.00
GCC	26	23.96	25.87	26.02	24.15	0.01	0.00
GCC	27	23.83	25.99	26.20	23.99	0.01	0.00
GCC	28	23.86	25.95	26.16	24.04	0.01	0.00
GCC	29	23.95	25.86	26.09	24.10	0.00	0.00
GCC	30	23.80	26.02	26.24	23.94	0.00	0.00
GCC	31	23.88	25.93	26.20	23.99	0.01	0.00
GCC	32	23.94	25.94	26.09	24.03	0.01	0.00
GCC	33	23.79	26.05	26.29	23.87	0.03	0.00
GCC	34	23.83	26.02	26.21	23.94	0.03	0.00
GCC	35	23.88	25.92	26.15	24.05	0.01	0.00
GCC	36	23.77	26.09	26.27	23.87	0.03	0.00
GCC	37	23.76	26.05	26.27	23.92	0.03	0.00
GCC	38	23.88	25.97	26.16	23.99	0.03	0.00
GCC	39	23.74	26.13	26.34	23.79	0.04	0.00
GCC	40	23.81	26.07	26.23	23.89	0.02	0.00
GCC	41	23.84	26.00	26.21	23.94	0.02	0.00
GCC	42	23.71	26.13	26.34	23.81	0.01	0.00
GCC	43	23.77	26.07	26.29	23.86	0.01	0.00
GCC	44	23.85	26.05	26.19	23.91	0.01	0.00
GCC	45	23.70	26.12	26.36	23.83	0.00	0.00
GCC	46	23.73	26.07	26.29	23.91	0.01	0.00
GCC	47	23.86	25.99	26.21	23.95	0.01	0.00
GCC	48	23.69	26.17	26.34	23.80	0.01	0.00
GCC	49	23.69	26.13	26.31	23.87	0.00	0.00
GCC	50	23.81	26.05	26.23	23.90	0.01	0.00
GCC	51	23.65	26.17	26.38	23.80	0.00	0.00
GCC	52	23.71	26.12	26.33	23.85	0.00	0.00
GCC	53	23.81	26.05	26.24	23.90	0.01	0.00
GCC	54	23.69	26.20	26.40	23.71	0.01	0.00
GCC	55	23.73	26.12	26.30	23.84	0.02	0.00
GCC	56	23.80	26.07	26.23	23.90	0.03	0.00
GCC	57	23.68	26.18	26.40	23.74	0.01	0.00
GCC	58	23.69	26.13	26.34	23.85	0.01	0.00
GCC	59	23.83	26.03	26.23	23.91	0.01	0.00
GCC	60	23.68	26.15	26.38	23.79	0.00	0.00
GCC	61	23.74	26.09	26.32	23.85	0.00	0.00
GCC	62	23.82	26.01	26.22	23.95	0.00	0.00
GCC	63	23.65	26.21	26.37	23.76	0.00	0.00
GCC	64	23.72	26.14	26.30	23.85	0.01	0.00
GCC	65	23.79	26.06	26.27	23.87	0.00	0.00
GCC	66	23.69	26.17	26.38	23.76	0.01	0.00
GCC	67	23.71	26.12	26.33	23.84	0.00	0.00
GCC	68	23.81	26.02	26.25	23.92	0.01	0.00
GCC	69	23.66	26.18	26.41	23.75	0.01	0.00
GCC	70	23.74	26.12	26.33	23.81	0.01	0.00
GCC	71	23.83	26.03	26.26	23.88	0.01	0.00
GCC	72	23.68	26.20	26.36	23.77	0.02	0.00
GCC	73	23.71	26.12	26.33	23.85	0.02	0.00
GCC	74	23.79	26.05	26.25	23.90	0.02	0.00
GCC	75	23.68	26.16	26.38	23.78	0.03	0.00
GCC	76	23.71	26.16	26.32	23.82	0.05	0.00
GCC	77	23.77	26.06	26.26	23.91	0.05	0.00
GCC	78	23.66	26.18	26.41	23.75	0.00	0.00
GCC	79	23.71	26.13	26.34	23.82	0.02	0.00
GCC	80	23.78	26.06	26.25	23.91	0.03	0.00
GCC	81	23.66	26.22	26.37	23.75	0.04	0.00
GCC	82	23.70	26.18	26.32	23.80	0.04	0.00
GCC	83	23.81	26.09	26.25	23.85	0.05	0.00
GCC	84	23.65	26.20	26.40	23.75	0.02	0.00
GCC	85	23.69	26.16	26.33	23.82	0.02	0.00
GCC	86	23.76	26.13	26.26	23.85	0.02	0.00
GCC	87	23.64	26.20	26.42	23.74	0.00	0.00
GCC	88	23.66	26.14	26.41	23.79	0.02	0.00
GCC	89	23.72	26.12	26.31	23.85	0.01	0.00
GCC	90	23.62	26.24	26.42	23.72	0.03	0.00
GCC	91	23.69	26.18	26.38	23.76	0.01	0.00
GCC	92	23.73	26.13	26.31	23.82	0.02	0.00
GCC	93	23.59	26.28	26.47	23.66	0.02	0.00
GCC	94	23.66	26.18	26.40	23.76	0.02	0.00
GCC	95	23.71	26.11	26.36	23.81	0.02	0.00
GCC	96	23.56	26.30	26.44	23.69	0.03	0.00
GCC	97	23.64	26.18	26.45	23.74	0.01	0.00
GCC	98	23.68	26.18	26.31	23.83	0.01	0.00
GCC	99	23.57	26.27	26.48	23.68	0.01	0.00
GCC	100	23.54	26.31	26.53	23.63	0.00	0.00
# ACGT content per cycle for first fragments. Use `grep ^FBC | cut -f 2-` to extract this part. The columns are: cycle; A,C,G,T base counts as a percentage of all A/C/G/T bases [%]; and N and O counts as a percentage of all A/C/G/T bases [%]
FBC	1	23.73	26.05	26.29	23.93	0.06	0.00
FBC	2	24.21	25.63	25.86	24.29	0.00	0.00
FBC	3	24.09	25.73	25.95	24.23	0.00	0.00
FBC	4	23.96	25.88	26.02	24.15	0.00	0.00
FBC	5	24.04	25.74	26.00	24.21	0.00	0.00
FBC	6	23.84	25.97	26.25	23.94	0.00	0.00
FBC	7	24.08	25.73	25.97	24.21	0.00	0.00
FBC	8	24.26	25.60	25.78	24.36	0.00	0.00
FBC	9	24.19	25.69	25.89	24.24	0.00	0.00
FBC	10	24.31	25.57	25.74	24.38	0.00	0.00
FBC	11	24.29	25.53	25.76	24.42	0.00	0.00
FBC	12	24.17	25.68	25.89	24.27	0.00	0.00
FBC	13	24.24	25.59	25.74	24.43	0.01	0.00
FBC	14	24.34	25.47	25.68	24.51	0.00	0.00
FBC	15	24.21	25.61	25.86	24.32	0.00	0.00
FBC	16	24.19	25.61	25.84	24.36	0.00	0.00
FBC	17	24.24	25.63	25.78	24.35	0.00	0.00
FBC	18	24.04	25.77	26.04	24.15	0.00	0.00
FBC	19	24.03	25.78	26.00	24.19	0.00	0.00
FBC	20	24.11	25.73	25.98	24.18	0.00	0.00
FBC	21	23.90	25.93	26.08	24.10	0.00	0.00
FBC	22	23.99	25.86	26.06	24.09	0.00	0.00
FBC	23	24.08	25.78	25.96	24.18	0.00	0.00
FBC	24	23.86	25.92	26.21	24.02	0.00	0.00
FBC	25	23.92	25.88	26.12	24.08	0.00	0.00
FBC	26	23.94	25.86	25.98	24.21	0.00	0.00
FBC	27	23.83	25.99	26.18	24.00	0.01	0.00
FBC	28	23.87	25.94	26.18	24.01	0.00	0.00
FBC	29	23.95	25.84	26.07	24.14	0.00	0.00
FBC	30	23.81	26.03	26.23	23.94	0.00	0.00
FBC	31	23.92	25.88	26.18	24.02	0.00	0.00
FBC	32	23.97	25.94	26.07	24.02	0.00	0.00
FBC	33	23.81	26.01	26.30	23.88	0.00	0.00
FBC	34	23.84	26.00	26.18	23.98	0.01	0.00
FBC	35	23.87	25.91	26.12	24.10	0.00	0.00
FBC	36	23.81	26.06	26.27	23.87	0.00	0.00
FBC	37	23.77	26.06	26.25	23.92	0.01	0.00
FBC	38	23.89	25.94	26.17	24.01	0.00	0.00
FBC	39	23.78	26.10	26.32	23.80	0.00	0.00
FBC	40	23.84	26.06	26.21	23.89	0.00	0.00
FBC	41	23.88	25.97	26.19	23.96	0.00	0.00
FBC	42	23.70	26.16	26.33	23.81	0.00	0.00
FBC	43	23.77	26.06	26.29	23.88	0.00	0.00
FBC	44	23.84	26.06	26.17	23.92	0.00	0.00
FBC	45	23.73	26.08	26.32	23.86	0.00	0.00
FBC	46	23.75	26.02	26.25	23.97	0.00	0.00
FBC	47	23.89	25.96	26.17	23.98	0.00	0.00
FBC	48	23.72	26.14	26.28	23.86	0.00	0.00
FBC	49	23.74	26.07	26.28	23.90	0.00	0.00
FBC	50	23.83	26.01	26.19	23.97	0.00	0.00
FBC	51	23.67	26.14	26.36	23.82	0.00	0.00
FBC	52	23.71	26.02	26.33	23.94	0.00	0.00
FBC	53	23.83	26.00	26.21	23.95	0.00	0.00
FBC	54	23.73	26.17	26.37	23.74	0.00	0.00
FBC	55	23.75	26.07	26.32	23.86	0.00	0.00
FBC	56	23.87	25.98	26.23	23.92	0.00	0.00
FBC	57	23.74	26.15	26.35	23.76	0.01	0.00
FBC	58	23.71	26.08	26.31	23.90	0.00	0.00
FBC	59	23.83	25.99	26.21	23.97	0.00	0.00
FBC	60	23.68	26.13	26.35	23.83	0.00	0.00
FBC	61	23.76	26.09	26.26	23.90	0.01	0.00
FBC	62	23.82	25.99	26.19	24.00	0.01	0.00
FBC	63	23.65	26.18	26.34	23.83	0.00	0.00
FBC	64	23.72	26.11	26.28	23.90	0.00	0.00
FBC	65	23.80	26.04	26.25	23.90	0.00	0.00
FBC	66	23.72	26.12	26.35	23.80	0.00	0.00
FBC	67	23.74	26.05	26.33	23.88	0.00	0.00
FBC	68	23.82	25.98	26.23	23.97	0.01	0.00
FBC	69	23.67	26.16	26.40	23.77	0.01	0.00
FBC	70	23.75	26.10	26.34	23.81	0.00	0.00
FBC	71	23.86	25.96	26.25	23.93	0.00	0.00
FBC	72	23.72	26.18	26.34	23.76	0.00	0.00
FBC	73	23.73	26.05	26.33	23.88	0.00	0.00
FBC	74	23.82	26.01	26.26	23.91	0.00	0.00
FBC	75	23.69	26.17	26.34	23.80	0.00	0.00
FBC	76	23.70	26.13	26.31	23.86	0.00	0.00
FBC	77	23.76	26.02	26.25	23.97	0.00	0.00
FBC	78	23.68	26.16	26.40	23.75	0.00	0.00
FBC	79	23.74	26.10	26.31	23.84	0.00	0.00
FBC	80	23.82	26.03	26.22	23.93	0.00	0.00
FBC	81	23.70	26.19	26.34	23.78	0.01	0.00
FBC	82	23.75	26.12	26.30	23.84	0.00	0.00
FBC	83	23.87	26.04	26.20	23.88	0.03	0.00
FBC	84	23.63	26.16	26.41	23.79	0.01	0.00
FBC	85	23.70	26.13	26.29	23.88	0.01	0.00
FBC	86	23.78	26.08	26.24	23.90	0.00	0.00
FBC	87	23.66	26.14	26.43	23.78	0.00	0.00
FBC	88	23.68	26.09	26.40	23.83	0.01	0.00
FBC	89	23.76	26.10	26.24	23.90	0.01	0.00
FBC	90	23.66	26.18	26.40	23.77	0.00	0.00
FBC	91	23.71	26.13	26.34	23.82	0.01	0.00
FBC	92	23.72	26.08	26.29	23.91	0.01	0.00
FBC	93	23.61	26.24	26.44	23.71	0.02	0.00
FBC	94	23.72	26.16	26.31	23.82	0.01	0.00
FBC	95	23.73	26.07	26.34	23.87	0.02	0.00
FBC	96	23.59	26.29	26.37	23.75	0.01	0.00
FBC	97	23.68	26.14	26.41	23.78	0.02	0.00
FBC	98	23.73	26.09	26.29	23.88	0.00	0.00
FBC	99	23.58	26.22	26.46	23.74	0.01	0.00
FBC	100	23.58	26.24	26.48	23.71	0.00	0.00
# ACGT content per cycle for last fragments. Use `grep ^LBC | cut -f 2-` to extract this part. The columns are: cycle; A,C,G,T base counts as a percentage of all A/C/G/T bases [%]; and N and O counts as a percentage of all A/C/G/T bases [%]
LBC	1	23.78	26.07	26.27	23.87	0.15	0.00
LBC	2	24.14	25.69	25.97	24.21	0.09	0.00
LBC	3	23.81	26.03	26.26	23.90	0.08	0.00
LBC	4	23.49	26.36	26.54	23.62	0.10	0.00
LBC	5	23.93	25.83	26.10	24.14	0.10	0.00
LBC	6	23.66	26.20	26.43	23.71	0.01	0.00
LBC	7	23.92	25.94	26.08	24.06	0.00	0.00
LBC	8	24.15	25.66	25.86	24.34	0.02	0.00
LBC	9	24.11	25.73	26.00	24.16	0.01	0.00
LBC	10	24.19	25.62	25.84	24.35	0.01	0.00
LBC	11	24.30	25.57	25.77	24.36	0.01	0.00
LBC	12	24.18	25.63	25.86	24.33	0.03	0.00
LBC	13	24.26	25.59	25.74	24.40	0.03	0.00
LBC	14	24.41	25.44	25.67	24.48	0.05	0.00
LBC	15	24.21	25.62	25.85	24.33	0.03	0.00
LBC	16	24.23	25.59	25.82	24.36	0.03	0.00
LBC	17	24.22	25.63	25.79	24.36	0.02	0.00
LBC	18	24.03	25.81	26.01	24.15	0.05	0.00
LBC	19	24.01	25.80	26.00	24.19	0.03	0.00
LBC	20	24.12	25.71	25.96	24.21	0.03	0.00
LBC	21	23.97	25.87	26.08	24.08	0.07	0.00
LBC	22	23.93	25.90	26.05	24.12	0.03	0.00
LBC	23	24.07	25.77	25.99	24.17	0.04	0.00
LBC	24	23.88	25.99	26.16	23.97	0.03	0.00
LBC	25	23.90	25.95	26.12	24.02	0.01	0.00
LBC	26	23.98	25.87	26.06	24.08	0.01	0.00
LBC	27	23.82	25.98	26.22	23.97	0.01	0.00
LBC	28	23.84	25.96	26.13	24.06	0.02	0.00
LBC	29	23.95	25.87	26.12	24.06	0.00	0.00
LBC	30	23.79	26.02	26.25	23.94	0.00	0.00
LBC	31	23.84	25.99	26.22	23.96	0.02	0.00
LBC	32	23.90	25.95	26.11	24.03	0.02	0.00
LBC	33	23.77	26.08	26.27	23.87	0.05	0.00
LBC	34	23.82	26.03	26.25	23.90	0.06	0.00
LBC	35	23.89	25.94	26.19	23.99	0.01	0.00
LBC	36	23.73	26.13	26.26	23.88	0.07	0.00
LBC	37	23.74	26.05	26.28	23.93	0.06	0.00
LBC	38	23.86	26.00	26.16	23.98	0.07	0.00
LBC	39	23.70	26.17	26.36	23.77	0.07	0.00
LBC	40	23.79	26.08	26.25	23.89	0.03	0.00
LBC	41	23.80	26.03	26.24	23.93	0.03	0.00
LBC	42	23.71	26.11	26.36	23.82	0.03	0.00
LBC	43	23.78	26.08	26.29	23.85	0.02	0.00
LBC	44	23.85	26.04	26.21	23.90	0.02	0.00
LBC	45	23.67	26.15	26.39	23.79	0.01	0.00
LBC	46	23.71	26.12	26.32	23.85	0.03	0.00
LBC	47	23.83	26.02	26.24	23.91	0.02	0.00
LBC	48	23.67	26.19	26.40	23.74	0.03	0.00
LBC	49	23.64	26.19	26.33	23.84	0.00	0.00
LBC	50	23.79	26.10	26.28	23.83	0.02	0.00
LBC	51	23.63	26.20	26.39	23.78	0.00	0.00
LBC	52	23.71	26.21	26.33	23.75	0.00	0.00
LBC	53	23.79	26.09	26.27	23.85	0.02	0.00
LBC	54	23.66	26.23	26.44	23.68	0.02	0.00
LBC	55	23.71	26.18	26.28	23.83	0.03	0.00
LBC	56	23.72	26.16	26.24	23.87	0.05	0.00
LBC	57	23.62	26.21	26.45	23.72	0.02	0.00
LBC	58	23.66	26.18	26.36	23.80	0.01	0.00
LBC	59	23.82	26.07	26.25	23.85	0.02	0.00
LBC	60	23.68	26.17	26.41	23.74	0.00	0.00
LBC	61	23.73	26.09	26.38	23.81	0.00	0.00
LBC	62	23.83	26.03	26.25	23.90	0.00	0.00
LBC	63	23.66	26.24	26.40	23.69	0.01	0.00
LBC	64	23.72	26.16	26.31	23.80	0.02	0.00
LBC	65	23.79	26.09	26.28	23.84	0.01	0.00
LBC	66	23.65	26.22	26.41	23.72	0.02	0.00
LBC	67	23.68	26.19	26.34	23.80	0.00	0.00
LBC	68	23.80	26.06	26.28	23.86	0.01	0.00
LBC	69	23.65	26.21	26.41	23.73	0.00	0.00
LBC	70	23.73	26.13	26.32	23.82	0.01	0.00
LBC	71	23.79	26.10	26.26	23.84	0.02	0.00
LBC	72	23.64	26.21	26.37	23.77	0.03	0.00
LBC	73	23.68	26.18	26.32	23.81	0.04	0.00
LBC	74	23.77	26.10	26.24	23.89	0.03	0.00
LBC	75	23.67	26.16	26.42	23.76	0.07	0.00
LBC	76	23.72	26.18	26.32	23.78	0.10	0.00
LBC	77	23.78	26.11	26.26	23.85	0.09	0.00
LBC	78	23.64	26.20	26.41	23.75	0.01	0.00
LBC	79	23.67	26.17	26.36	23.80	0.04	0.00
LBC	80	23.75	26.10	26.27	23.88	0.06	0.00
LBC	81	23.63	26.25	26.40	23.72	0.08	0.00
LBC	82	23.66	26.24	26.34	23.77	0.08	0.00
LBC	83	23.75	26.13	26.30	23.82	0.06	0.00
LBC	84	23.67	26.24	26.39	23.70	0.04	0.00
LBC	85	23.67	26.19	26.38	23.76	0.04	0.00
LBC	86	23.74	26.17	26.28	23.81	0.04	0.00
LBC	87	23.62	26.26	26.41	23.71	0.00	0.00
LBC	88	23.64	26.19	26.42	23.75	0.03	0.00
LBC	89	23.69	26.15	26.37	23.79	0.02	0.00
LBC	90	23.59	26.30	26.44	23.66	0.06	0.00
LBC	91	23.67	26.22	26.41	23.70	0.01	0.00
LBC	92	23.75	26.19	26.34	23.72	0.02	0.00
LBC	93	23.57	26.32	26.49	23.61	0.02	0.00
LBC	94	23.60	26.20	26.50	23.70	0.04	0.00
LBC	95	23.69	26.15	26.39	23.76	0.02	0.00
LBC	96	23.53	26.32	26.52	23.63	0.05	0.00
LBC	97	23.60	26.22	26.48	23.70	0.01	0.00
LBC	98	23.63	26.27	26.32	23.78	0.02	0.00
LBC	99	23.56	26.32	26.50	23.62	0.01	0.00
LBC	100	23.49	26.37	26.58	23.56	0.00	0.00
# Insert sizes. Use `grep ^IS | cut -f 2-` to extract this part. The columns are: insert size, pairs total, inward oriented pairs, outward oriented pairs, other pairs
IS	0	0	0	0	0
IS	1	0	0	0	0
IS	2	0	0	0	0
IS	3	0	0	0	0
IS	4	0	0	0	0
IS	5	0	0	0	0
IS	6	0	0	0	0
IS	7	0	0	0	0
IS	8	0	0	0	0
IS	9	0	0	0	0
IS	10	0	0	0	0
IS	11	0	0	0	0
IS	12	0	0	0	0
IS	13	0	0	0	0
IS	14	0	0	0	0
IS	15	0	0	0	0
IS	16	0	0	0	0
IS	17	0	0	0	0
IS	18	0	0	0	0
IS	19	0	0	0	0
IS	20	0	0	0	0
IS	21	0	0	0	0
IS	22	0	0	0	0
IS	23	0	0	0	0
IS	24	0	0	0	0
IS	25	0	0	0	0
IS	26	0	0	0	0
IS	27	0	0	0	0
IS	28	0	0	0	0
IS	29	1	0	0	1
IS	30	0	0	0	0
IS	31	2	0	2	0
IS	32	0	0	0	0
IS	33	1	1	0	0
IS	34	3	2	1	0
IS	35	0	0	0	0
IS	36	1	1	0	0
IS	37	0	0	0	0
IS	38	0	0	0	0
IS	39	0	0	0	0
IS	40	2	0	0	2
IS	41	0	0	0	0
IS	42	0	0	0	0
IS	43	2	0	0	2
IS	44	2	1	0	1
IS	45	1	1	0	0
IS	46	2	1	1	0
IS	47	2	2	0	0
IS	48	1	0	1	0
IS	49	1	0	0	1
IS	50	0	0	0	0
IS	51	1	0	0	1
IS	52	1	0	1	0
IS	53	1	1	0	0
IS	54	1	1	0	0
IS	55	1	0	1	0
IS	56	0	0	0	0
IS	57	0	0	0	0
IS	58	2	1	0	1
IS	59	1	1	0	0
IS	60	1	0	1	0
IS	61	3	1	1	1
IS	62	2	1	0	1
IS	63	5	2	2	1
IS	64	2	2	0	0
IS	65	4	2	2	0
IS	66	2	2	0	0
IS	67	2	0	1	1
IS	68	2	2	0	0
IS	69	4	4	0	0
IS	70	2	2	0	0
IS	71	4	2	2	0
IS	72	2	2	0	0
IS	73	5	3	2	0
IS	74	3	2	1	0
IS	75	7	4	3	0
IS	76	2	2	0	0
IS	77	11	8	3	0
IS	78	8	4	3	1
IS	79	13	9	4	0
IS	80	6	3	3	0
IS	81	7	3	2	2
IS	82	18	9	9	0
IS	83	25	16	9	0
IS	84	21	14	7	0
IS	85	26	11	15	0
IS	86	27	12	15	0
IS	87	37	17	20	0
IS	88	42	21	20	1
IS	89	65	33	32	0
IS	90	72	30	42	0
IS	91	81	42	39	0
IS	92	99	47	52	0
IS	93	119	54	65	0
IS	94	132	63	69	0
IS	95	218	99	119	0
IS	96	201	95	106	0
IS	97	294	140	154	0
IS	98	311	129	182	0
IS	99	294	39	255	0
IS	100	450	246	204	0
IS	101	560	552	8	0
IS	102	567	567	0	0
IS	103	694	694	0	0
IS	104	791	791	0	0
IS	105	905	905	0	0
IS	106	1038	1038	0	0
IS	107	1214	1214	0	0
IS	108	1295	1295	0	0
IS	109	1399	1399	0	0
IS	110	1627	1627	0	0
IS	111	1786	1786	0	0
IS	112	1918	1918	0	0
IS	113	2108	2108	0	0
IS	114	2289	2289	0	0
IS	115	2481	2481	0	0
IS	116	2703	2703	0	0
IS	117	2924	2924	0	0
IS	118	3041	3041	0	0
IS	119	3316	3316	0	0
IS	120	3572	3572	0	0
IS	121	3673	3673	0	0
IS	122	3946	3946	0	0
IS	123	4133	4133	0	0
IS	124	4558	4558	0	0
IS	125	4629	4629	0	0
IS	126	4694	4694	0	0
IS	127	5129	5129	0	0
IS	128	5387	5387	0	0
IS	129	5557	5557	0	0
IS	130	5602	5602	0	0
IS	131	5885	5885	0	0
IS	132	6180	6180	0	0
IS	133	6391	6391	0	0
IS	134	6529	6529	0	0
IS	135	6711	6711	0	0
IS	136	6877	6877	0	0
IS	137	6868	6868	0	0
IS	138	7032	7032	0	0
IS	139	7529	7529	0	0
IS	140	7541	7541	0	0
IS	141	7877	7877	0	0
IS	142	7959	7959	0	0
IS	143	8228	8228	0	0
IS	144	8316	8316	0	0
IS	145	8519	8519	0	0
IS	146	8649	8649	0	0
IS	147	8824	8824	0	0
IS	148	9014	9014	0	0
IS	149	9231	9231	0	0
IS	150	9274	9274	0	0
IS	151	9404	9404	0	0
IS	152	9572	9572	0	0
IS	153	9520	9520	0	0
IS	154	9713	9713	0	0
IS	155	9953	9953	0	0
IS	156	10031	10031	0	0
IS	157	10210	10210	0	0
IS	158	10302	10302	0	0
IS	159	10568	10568	0	0
IS	160	10476	10476	0	0
IS	161	10776	10776	0	0
IS	162	10943	10943	0	0
IS	163	10873	10873	0	0
IS	164	11073	11073	0	0
IS	165	11074	11074	0	0
IS	166	11226	11226	0	0
IS	167	11356	11356	0	0
IS	168	11336	11335	0	1
IS	169	11520	11520	0	0
IS	170	11228	11228	0	0
IS	171	11681	11681	0	0
IS	172	11518	11518	0	0
IS	173	11662	11662	0	0
IS	174	11647	11647	0	0
IS	175	11855	11855	0	0
IS	176	11895	11895	0	0
IS	177	12008	12008	0	0
IS	178	11887	11887	0	0
IS	179	12036	12036	0	0
IS	180	12210	12210	0	0
IS	181	11992	11992	0	0
IS	182	12148	12148	0	0
IS	183	11983	11983	0	0
IS	184	12312	12312	0	0
IS	185	11982	11982	0	0
IS	186	12336	12335	0	1
IS	187	12306	12306	0	0
IS	188	12471	12471	0	0
IS	189	12379	12379	0	0
IS	190	12297	12297	0	0
IS	191	12470	12470	0	0
IS	192	12484	12484	0	0
IS	193	12418	12418	0	0
IS	194	12308	12308	0	0
IS	195	12219	12219	0	0
IS	196	12189	12189	0	0
IS	197	12532	12532	0	0
IS	198	12477	12477	0	0
IS	199	12341	12341	0	0
IS	200	12248	12248	0	0
IS	201	12346	12346	0	0
IS	202	12255	12255	0	0
IS	203	12466	12466	0	0
IS	204	12427	12427	0	0
IS	205	12245	12245	0	0
IS	206	12206	12206	0	0
IS	207	11953	11953	0	0
IS	208	12064	12064	0	0
IS	209	12212	12212	0	0
IS	210	12205	12205	0	0
IS	211	12163	12163	0	0
IS	212	11948	11948	0	0
IS	213	11909	11909	0	0
IS	214	11911	11911	0	0
IS	215	12016	12016	0	0
IS	216	11756	11756	0	0
IS	217	11941	11941	0	0
IS	218	11807	11807	0	0
IS	219	11768	11768	0	0
IS	220	11630	11630	0	0
IS	221	11760	11760	0	0
IS	222	11449	11449	0	0
IS	223	11573	11573	0	0
IS	224	11763	11763	0	0
IS	225	11575	11575	0	0
IS	226	11648	11648	0	0
IS	227	11381	11381	0	0
IS	228	11393	11393	0	0
IS	229	11225	11225	0	0
IS	230	11116	11116	0	0
IS	231	11209	11209	0	0
IS	232	11213	11213	0	0
IS	233	10892	10892	0	0
IS	234	11013	11013	0	0
IS	235	10837	10837	0	0
IS	236	10819	10819	0	0
IS	237	10841	10841	0	0
IS	238	10724	10724	0	0
IS	239	10676	10676	0	0
IS	240	10705	10705	0	0
IS	241	10330	10330	0	0
IS	242	10367	10367	0	0
IS	243	10233	10233	0	0
IS	244	10391	10391	0	0
IS	245	10468	10468	0	0
IS	246	10075	10075	0	0
IS	247	9920	9920	0	0
IS	248	10061	10060	0	1
IS	249	10009	10009	0	0
IS	250	10061	10061	0	0
IS	251	9781	9781	0	0
IS	252	9748	9748	0	0
IS	253	9804	9804	0	0
IS	254	9650	9650	0	0
IS	255	9568	9568	0	0
IS	256	9504	9504	0	0
IS	257	9368	9368	0	0
IS	258	9224	9224	0	0
IS	259	9222	9222	0	0
IS	260	9167	9167	0	0
IS	261	9225	9225	0	0
IS	262	9003	9003	0	0
IS	263	8950	8950	0	0
IS	264	8976	8976	0	0
IS	265	8875	8875	0	0
IS	266	8916	8915	0	1
IS	267	8714	8714	0	0
IS	268	8539	8539	0	0
IS	269	8731	8731	0	0
IS	270	8437	8437	0	0
IS	271	8467	8467	0	0
IS	272	8438	8438	0	0
IS	273	8434	8434	0	0
IS	274	8324	8324	0	0
IS	275	8206	8205	1	0
IS	276	8196	8196	0	0
IS	277	8072	8072	0	0
IS	278	7995	7995	0	0
IS	279	7962	7962	0	0
IS	280	7790	7790	0	0
IS	281	7738	7738	0	0
IS	282	7794	7794	0	0
IS	283	7603	7603	0	0
IS	284	7626	7626	0	0
IS	285	7363	7363	0	0
IS	286	7390	7390	0	0
IS	287	7287	7287	0	0
IS	288	7273	7273	0	0
IS	289	7225	7225	0	0
IS	290	7145	7145	0	0
IS	291	7249	7249	0	0
IS	292	7137	7137	0	0
IS	293	7104	7104	0	0
IS	294	6943	6943	0	0
IS	295	6966	6966	0	0
IS	296	6821	6821	0	0
IS	297	6772	6772	0	0
IS	298	6689	6689	0	0
IS	299	6591	6591	0	0
IS	300	6581	6581	0	0
IS	301	6583	6583	0	0
IS	302	6492	6492	0	0
IS	303	6403	6403	0	0
IS	304	6479	6479	0	0
IS	305	6353	6353	0	0
IS	306	6407	6407	0	0
IS	307	6135	6135	0	0
IS	308	6136	6136	0	0
IS	309	6027	6027	0	0
IS	310	6093	6093	0	0
IS	311	6049	6049	0	0
IS	312	5908	5908	0	0
IS	313	5813	5813	0	0
IS	314	5768	5768	0	0
IS	315	5761	5761	0	0
IS	316	5623	5623	0	0
IS	317	5596	5596	0	0
IS	318	5601	5601	0	0
IS	319	5475	5475	0	0
IS	320	5374	5374	0	0
IS	321	5376	5376	0	0
IS	322	5325	5325	0	0
IS	323	5289	5289	0	0
IS	324	5242	5242	0	0
IS	325	5189	5189	0	0
IS	326	5238	5238	0	0
IS	327	5061	5061	0	0
IS	328	5113	5113	0	0
IS	329	5000	5000	0	0
IS	330	4980	4980	0	0
IS	331	4929	4929	0	0
IS	332	4866	4866	0	0
IS	333	4812	4812	0	0
IS	334	4729	4729	0	0
IS	335	4758	4758	0	0
IS	336	4611	4611	0	0
IS	337	4472	4472	0	0
IS	338	4591	4591	0	0
IS	339	4467	4467	0	0
IS	340	4533	4533	0	0
IS	341	4348	4348	0	0
IS	342	4334	4334	0	0
IS	343	4287	4287	0	0
IS	344	4328	4328	0	0
IS	345	4259	4259	0	0
IS	346	4117	4117	0	0
IS	347	4111	4111	0	0
IS	348	4114	4114	0	0
IS	349	3973	3973	0	0
IS	350	4052	4052	0	0
IS	351	4035	4035	0	0
IS	352	3965	3965	0	0
IS	353	3895	3895	0	0
IS	354	3924	3924	0	0
IS	355	3775	3775	0	0
IS	356	3825	3825	0	0
IS	357	3870	3870	0	0
IS	358	3640	3640	0	0
IS	359	3665	3665	0	0
IS	360	3568	3568	0	0
IS	361	3563	3563	0	0
IS	362	3622	3622	0	0
IS	363	3528	3528	0	0
IS	364	3534	3534	0	0
IS	365	3471	3471	0	0
IS	366	3496	3496	0	0
IS	367	3287	3287	0	0
IS	368	3359	3359	0	0
IS	369	3367	3367	0	0
IS	370	3199	3199	0	0
IS	371	3210	3210	0	0
IS	372	3265	3265	0	0
IS	373	3112	3112	0	0
IS	374	3176	3176	0	0
IS	375	3117	3117	0	0
IS	376	3035	3035	0	0
IS	377	3065	3065	0	0
IS	378	2930	2930	0	0
IS	379	2937	2937	0	0
IS	380	3030	3030	0	0
IS	381	2840	2840	0	0
IS	382	2800	2800	0	0
IS	383	2860	2860	0	0
IS	384	2749	2749	0	0
IS	385	2820	2820	0	0
IS	386	2770	2770	0	0
IS	387	2591	2591	0	0
IS	388	2681	2681	0	0
IS	389	2686	2686	0	0
IS	390	2613	2613	0	0
IS	391	2580	2580	0	0
IS	392	2535	2535	0	0
IS	393	2499	2499	0	0
IS	394	2504	2504	0	0
IS	395	2527	2527	0	0
IS	396	2368	2368	0	0
IS	397	2444	2444	0	0
IS	398	2373	2373	0	0
IS	399	2406	2406	0	0
IS	400	2249	2249	0	0
IS	401	2365	2365	0	0
IS	402	2410	2410	0	0
IS	403	2199	2199	0	0
IS	404	2207	2207	0	0
IS	405	2227	2227	0	0
IS	406	2174	2174	0	0
IS	407	2196	2196	0	0
IS	408	2122	2122	0	0
IS	409	2203	2203	0	0
IS	410	2023	2023	0	0
IS	411	1962	1962	0	0
IS	412	2057	2057	0	0
IS	413	1979	1979	0	0
IS	414	1979	1979	0	0
IS	415	1914	1914	0	0
IS	416	1973	1973	0	0
IS	417	1798	1798	0	0
IS	418	1824	1824	0	0
IS	419	1856	1856	0	0
IS	420	1798	1798	0	0
IS	421	1793	1793	0	0
IS	422	1819	1819	0	0
IS	423	1777	1777	0	0
IS	424	1742	1742	0	0
IS	425	1754	1754	0	0
IS	426	1673	1673	0	0
IS	427	1735	1735	0	0
IS	428	1652	1652	0	0
IS	429	1633	1633	0	0
IS	430	1726	1726	0	0
IS	431	1630	1630	0	0
IS	432	1564	1564	0	0
IS	433	1604	1604	0	0
IS	434	1568	1568	0	0
IS	435	1510	1510	0	0
IS	436	1547	1547	0	0
IS	437	1524	1524	0	0
IS	438	1522	1522	0	0
IS	439	1509	1509	0	0
IS	440	1493	1493	0	0
IS	441	1460	1460	0	0
IS	442	1409	1409	0	0
IS	443	1427	1427	0	0
IS	444	1384	1384	0	0
IS	445	1444	1444	0	0
IS	446	1381	1381	0	0
IS	447	1362	1362	0	0
IS	448	1298	1298	0	0
IS	449	1280	1280	0	0
IS	450	1295	1295	0	0
IS	451	1221	1221	0	0
IS	452	1250	1250	0	0
IS	453	1281	1281	0	0
IS	454	1175	1175	0	0
IS	455	1228	1228	0	0
IS	456	1177	1177	0	0
IS	457	1177	1177	0	0
IS	458	1214	1214	0	0
IS	459	1170	1170	0	0
IS	460	1151	1151	0	0
IS	461	1103	1103	0	0
IS	462	1069	1069	0	0
IS	463	1061	1061	0	0
IS	464	1116	1116	0	0
IS	465	1008	1008	0	0
IS	466	1030	1030	0	0
IS	467	1030	1030	0	0
IS	468	1017	1017	0	0
IS	469	1029	1029	0	0
IS	470	963	963	0	0
IS	471	978	978	0	0
IS	472	955	955	0	0
IS	473	978	978	0	0
IS	474	963	963	0	0
IS	475	970	970	0	0
IS	476	915	915	0	0
IS	477	905	905	0	0
IS	478	927	927	0	0
IS	479	911	911	0	0
IS	480	882	882	0	0
IS	481	839	839	0	0
IS	482	823	823	0	0
IS	483	850	850	0	0
IS	484	836	836	0	0
IS	485	781	781	0	0
IS	486	818	818	0	0
IS	487	775	775	0	0
IS	488	728	728	0	0
IS	489	786	786	0	0
IS	490	762	762	0	0
IS	491	743	743	0	0
IS	492	736	736	0	0
IS	493	763	763	0	0
IS	494	688	688	0	0
IS	495	744	744	0	0
IS	496	678	678	0	0
IS	497	701	701	0	0
IS	498	699	699	0	0
IS	499	713	713	0	0
IS	500	731	731	0	0
IS	501	624	624	0	0
IS	502	638	638	0	0
IS	503	623	623	0	0
IS	504	687	687	0	0
IS	505	609	609	0	0
IS	506	603	603	0	0
IS	507	651	651	0	0
IS	508	627	627	0	0
IS	509	622	622	0	0
IS	510	580	580	0	0
IS	511	596	596	0	0
IS	512	596	596	0	0
IS	513	578	578	0	0
IS	514	548	548	0	0
IS	515	565	565	0	0
IS	516	565	565	0	0
IS	517	541	541	0	0
IS	518	510	510	0	0
IS	519	518	518	0	0
IS	520	511	511	0	0
IS	521	496	496	0	0
IS	522	490	490	0	0
IS	523	483	483	0	0
IS	524	503	503	0	0
IS	525	506	506	0	0
IS	526	472	472	0	0
IS	527	447	447	0	0
IS	528	427	427	0	0
IS	529	489	489	0	0
IS	530	447	447	0	0
IS	531	473	473	0	0
IS	532	413	413	0	0
IS	533	424	424	0	0
IS	534	446	446	0	0
IS	535	400	400	0	0
IS	536	437	437	0	0
IS	537	400	400	0	0
IS	538	410	410	0	0
IS	539	411	411	0	0
IS	540	376	376	0	0
IS	541	398	398	0	0
IS	542	377	377	0	0
IS	543	362	362	0	0
IS	544	383	383	0	0
IS	545	354	354	0	0
IS	546	343	343	0	0
IS	547	339	339	0	0
# Read lengths. Use `grep ^RL | cut -f 2-` to extract this part. The columns are: read length, count
RL	100	4870637
# Read lengths - first fragments. Use `grep ^FRL | cut -f 2-` to extract this part. The columns are: read length, count
FRL	100	2433002
# Read lengths - last fragments. Use `grep ^LRL | cut -f 2-` to extract this part. The columns are: read length, count
LRL	100	2437635
# Indel distribution. Use `grep ^ID | cut -f 2-` to extract this part. The columns are: length, number of insertions, number of deletions
ID	1	100819	205342
ID	2	10165	12346
ID	3	3079	2071
ID	4	736	782
ID	5	596	258
ID	6	197	50
ID	7	252	45
ID	8	36	15
ID	9	7	29
ID	10	59	12
ID	11	7	8
ID	12	4	3
ID	13	1	0
ID	14	29	2
ID	15	13	5
ID	16	52	23
ID	17	11	5
ID	18	8	6
ID	19	0	2
ID	20	11	9
ID	21	15	9
ID	22	21	24
ID	23	9	8
ID	24	13	15
ID	25	20	20
ID	26	4	6
ID	27	9	10
ID	28	13	13
ID	29	4	5
ID	30	12	12
ID	31	4	8
ID	33	0	2
ID	35	12	2
ID	37	0	1
ID	43	0	2
ID	44	0	1
ID	60	0	1
ID	61	0	4
# Indels per cycle. Use `grep ^IC | cut -f 2-` to extract this part. The columns are: cycle, number of insertions (fwd), .. (rev) , number of deletions (fwd), .. (rev)
IC	3	0	0	810	769
IC	4	712	692	1206	1213
IC	5	706	708	1252	1290
IC	6	698	677	1175	1254
IC	7	645	691	1152	1217
IC	8	617	577	1146	1148
IC	9	535	610	1246	1218
IC	10	614	635	1193	1215
IC	11	674	621	1220	1215
IC	12	673	593	1239	1208
IC	13	619	656	1222	1225
IC	14	588	597	1215	1243
IC	15	654	663	1298	1157
IC	16	674	624	1219	1283
IC	17	674	613	1262	1232
IC	18	645	660	1174	1223
IC	19	658	604	1228	1198
IC	20	654	635	1208	1218
IC	21	612	659	1318	1171
IC	22	651	613	1227	1244
IC	23	603	579	1230	1162
IC	24	666	615	1239	1204
IC	25	651	664	1190	1173
IC	26	623	662	1252	1257
IC	27	630	636	1302	1224
IC	28	647	588	1233	1245
IC	29	613	619	1240	1213
IC	30	634	695	1142	1262
IC	31	632	626	1202	1266
IC	32	637	614	1286	1210
IC	33	605	652	1244	1199
IC	34	590	635	1209	1196
IC	35	616	631	1182	1219
IC	36	601	593	1217	1204
IC	37	665	649	1185	1209
IC	38	653	636	1136	1168
IC	39	640	649	1176	1164
IC	40	613	639	1187	1189
IC	41	666	610	1195	1198
IC	42	629	640	1242	1214
IC	43	650	567	1166	1193
IC	44	607	625	1262	1219
IC	45	583	617	1231	1259
IC	46	639	618	1137	1196
IC	47	622	599	1181	1175
IC	48	601	620	1204	1191
IC	49	601	637	1190	1183
IC	50	610	645	1161	1210
IC	51	623	609	1137	1142
IC	52	619	656	1193	1178
IC	53	630	637	1226	1157
IC	54	622	610	1195	1178
IC	55	635	637	1133	1183
IC	56	577	634	1191	1172
IC	57	635	621	1164	1195
IC	58	601	618	1164	1207
IC	59	628	640	1179	1176
IC	60	637	622	1176	1227
IC	61	650	588	1128	1155
IC	62	671	593	1244	1166
IC	63	654	543	1166	1202
IC	64	605	649	1141	1136
IC	65	629	645	1190	1124
IC	66	564	602	1156	1085
IC	67	618	621	1173	1188
IC	68	585	625	1172	1141
IC	69	622	601	1119	1053
IC	70	607	612	1166	1170
IC	71	672	603	1116	1174
IC	72	666	610	1153	1124
IC	73	623	609	1187	1198
IC	74	579	646	1135	1139
IC	75	594	611	1128	1140
IC	76	587	625	1147	1194
IC	77	603	592	1094	1117
IC	78	643	565	1148	1099
IC	79	625	593	1060	1095
IC	80	581	595	1158	1090
IC	81	628	576	1134	1123
IC	82	607	622	1120	1075
IC	83	609	567	1087	1131
IC	84	559	597	1178	1057
IC	85	589	544	1129	1101
IC	86	587	580	1127	1085
IC	87	544	602	1081	1116
IC	88	613	570	1134	1071
IC	89	542	525	1162	1107
IC	90	554	559	1108	1028
IC	91	551	540	1060	1085
IC	92	580	570	1056	1075
IC	93	556	492	985	1037
IC	94	614	572	1061	1102
IC	95	597	601	1036	1122
IC	96	544	613	1048	973
IC	97	636	663	722	722
# Coverage distribution. Use `grep ^COV | cut -f 2-` to extract this part.
COV	[1-1]	1	402979
COV	[2-2]	2	287572
COV	[3-3]	3	244267
COV	[4-4]	4	220831
COV	[5-5]	5	199476
COV	[6-6]	6	186255
COV	[7-7]	7	176277
COV	[8-8]	8	167489
COV	[9-9]	9	162179
COV	[10-10]	10	155334
COV	[11-11]	11	149423
COV	[12-12]	12	145395
COV	[13-13]	13	140131
COV	[14-14]	14	137689
COV	[15-15]	15	135000
COV	[16-16]	16	134170
COV	[17-17]	17	132031
COV	[18-18]	18	132303
COV	[19-19]	19	131176
COV	[20-20]	20	130196
COV	[21-21]	21	129413
COV	[22-22]	22	129649
COV	[23-23]	23	129454
COV	[24-24]	24	129367
COV	[25-25]	25	129299
COV	[26-26]	26	126876
COV	[27-27]	27	126268
COV	[28-28]	28	124599
COV	[29-29]	29	125064
COV	[30-30]	30	123242
COV	[31-31]	31	123175
COV	[32-32]	32	120552
COV	[33-33]	33	120349
COV	[34-34]	34	119525
COV	[35-35]	35	118834
COV	[36-36]	36	117527
COV	[37-37]	37	116282
COV	[38-38]	38	116248
COV	[39-39]	39	112912
COV	[40-40]	40	111654
COV	[41-41]	41	110835
COV	[42-42]	42	109380
COV	[43-43]	43	107335
COV	[44-44]	44	105692
COV	[45-45]	45	103427
COV	[46-46]	46	101055
COV	[47-47]	47	100202
COV	[48-48]	48	96965
COV	[49-49]	49	94713
COV	[50-50]	50	91556
COV	[51-51]	51	89356
COV	[52-52]	52	88933
COV	[53-53]	53	86693
COV	[54-54]	54	84412
COV	[55-55]	55	82140
COV	[56-56]	56	81203
COV	[57-57]	57	77864
COV	[58-58]	58	75743
COV	[59-59]	59	73320
COV	[60-60]	60	72537
COV	[61-61]	61	71033
COV	[62-62]	62	69173
COV	[63-63]	63	67089
COV	[64-64]	64	66139
COV	[65-65]	65	64631
COV	[66-66]	66	64096
COV	[67-67]	67	62960
COV	[68-68]	68	62549
COV	[69-69]	69	61224
COV	[70-70]	70	60862
COV	[71-71]	71	61651
COV	[72-72]	72	60939
COV	[73-73]	73	60959
COV	[74-74]	74	59988
COV	[75-75]	75	59463
COV	[76-76]	76	59766
COV	[77-77]	77	59607
COV	[78-78]	78	59324
COV	[79-79]	79	58156
COV	[80-80]	80	58202
COV	[81-81]	81	58441
COV	[82-82]	82	57595
COV	[83-83]	83	56975
COV	[84-84]	84	57422
COV	[85-85]	85	57076
COV	[86-86]	86	56734
COV	[87-87]	87	57293
COV	[88-88]	88	56519
COV	[89-89]	89	56556
COV	[90-90]	90	55549
COV	[91-91]	91	55800
COV	[92-92]	92	54689
COV	[93-93]	93	54287
COV	[94-94]	94	54178
COV	[95-95]	95	54161
COV	[96-96]	96	53446
COV	[97-97]	97	52593
COV	[98-98]	98	51814
COV	[99-99]	99	51448
COV	[100-100]	100	50463
COV	[101-101]	101	49708
COV	[102-102]	102	48740
COV	[103-103]	103	47944
COV	[104-104]	104	46906
COV	[105-105]	105	45288
COV	[106-106]	106	44105
COV	[107-107]	107	42480
COV	[108-108]	108	40638
COV	[109-109]	109	38713
COV	[110-110]	110	36702
COV	[111-111]	111	34659
COV	[112-112]	112	32481
COV	[113-113]	113	30783
COV	[114-114]	114	28931
COV	[115-115]	115	27113
COV	[116-116]	116	25338
COV	[117-117]	117	23616
COV	[118-118]	118	21530
COV	[119-119]	119	20202
COV	[120-120]	120	18333
COV	[121-121]	121	16767
COV	[122-122]	122	15087
COV	[123-123]	123	13618
COV	[124-124]	124	11832
COV	[125-125]	125	10578
COV	[126-126]	126	9512
COV	[127-127]	127	8423
COV	[128-128]	128	7456
COV	[129-129]	129	6534
COV	[130-130]	130	5683
COV	[131-131]	131	4932
COV	[132-132]	132	4103
COV	[133-133]	133	3489
COV	[134-134]	134	2983
COV	[135-135]	135	2577
COV	[136-136]	136	2143
COV	[137-137]	137	1790
COV	[138-138]	138	1422
COV	[139-139]	139	1264
COV	[140-140]	140	1010
COV	[141-141]	141	782
COV	[142-142]	142	660
COV	[143-143]	143	583
COV	[144-144]	144	521
COV	[145-145]	145	430
COV	[146-146]	146	355
COV	[147-147]	147	328
COV	[148-148]	148	261
COV	[149-149]	149	240
COV	[150-150]	150	235
COV	[151-151]	151	217
COV	[152-152]	152	199
COV	[153-153]	153	199
COV	[154-154]	154	163
COV	[155-155]	155	181
COV	[156-156]	156	158
COV	[157-157]	157	189
COV	[158-158]	158	168
COV	[159-159]	159	176
COV	[160-160]	160	157
COV	[161-161]	161	162
COV	[162-162]	162	112
COV	[163-163]	163	117
COV	[164-164]	164	93
COV	[165-165]	165	75
COV	[166-166]	166	81
COV	[167-167]	167	74
COV	[168-168]	168	64
COV	[169-169]	169	69
COV	[170-170]	170	57
COV	[171-171]	171	86
COV	[172-172]	172	72
COV	[173-173]	173	69
COV	[174-174]	174	77
COV	[175-175]	175	66
COV	[176-176]	176	60
COV	[177-177]	177	70
COV	[178-178]	178	57
COV	[179-179]	179	55
COV	[180-180]	180	60
COV	[181-181]	181	40
COV	[182-182]	182	45
COV	[183-183]	183	25
COV	[184-184]	184	26
COV	[185-185]	185	21
COV	[186-186]	186	33
COV	[187-187]	187	33
COV	[188-188]	188	41
COV	[189-189]	189	32
COV	[190-190]	190	21
COV	[191-191]	191	28
COV	[192-192]	192	27
COV	[193-193]	193	24
COV	[194-194]	194	26
COV	[195-195]	195	27
COV	[196-196]	196	30
COV	[197-197]	197	12
COV	[198-198]	198	17
COV	[199-199]	199	26
COV	[200-200]	200	23
COV	[201-201]	201	24
COV	[202-202]	202	19
COV	[203-203]	203	26
COV	[204-204]	204	19
COV	[205-205]	205	15
COV	[206-206]	206	16
COV	[207-207]	207	20
COV	[208-208]	208	25
COV	[209-209]	209	28
COV	[210-210]	210	14
COV	[211-211]	211	17
COV	[212-212]	212	19
COV	[213-213]	213	20
COV	[214-214]	214	14
COV	[215-215]	215	22
COV	[216-216]	216	17
COV	[217-217]	217	10
COV	[218-218]	218	17
COV	[219-219]	219	11
COV	[220-220]	220	6
COV	[221-221]	221	12
COV	[222-222]	222	15
COV	[223-223]	223	15
COV	[224-224]	224	11
COV	[225-225]	225	8
COV	[226-226]	226	13
COV	[227-227]	227	8
COV	[228-228]	228	9
COV	[229-229]	229	10
COV	[230-230]	230	12
COV	[231-231]	231	10
COV	[232-232]	232	16
COV	[233-233]	233	6
COV	[234-234]	234	14
COV	[235-235]	235	9
COV	[236-236]	236	4
COV	[237-237]	237	6
COV	[238-238]	238	4
COV	[239-239]	239	11
COV	[240-240]	240	3
COV	[241-241]	241	8
COV	[243-243]	243	4
COV	[244-244]	244	2
COV	[245-245]	245	8
COV	[246-246]	246	1
COV	[247-247]	247	7
COV	[248-248]	248	4
COV	[249-249]	249	2
COV	[250-250]	250	9
COV	[251-251]	251	4
COV	[252-252]	252	2
COV	[253-253]	253	2
COV	[254-254]	254	5
COV	[255-255]	255	11
COV	[256-256]	256	5
COV	[257-257]	257	6
COV	[258-258]	258	5
COV	[259-259]	259	9
COV	[260-260]	260	4
COV	[261-261]	261	6
COV	[262-262]	262	5
COV	[263-263]	263	5
COV	[264-264]	264	6
COV	[265-265]	265	3
COV	[266-266]	266	1
COV	[267-267]	267	10
COV	[268-268]	268	8
COV	[269-269]	269	11
COV	[270-270]	270	3
COV	[271-271]	271	4
COV	[272-272]	272	6
COV	[273-273]	273	4
COV	[274-274]	274	1
COV	[275-275]	275	1
COV	[276-276]	276	4
COV	[277-277]	277	6
COV	[278-278]	278	4
COV	[279-279]	279	5
COV	[280-280]	280	1
# GC-depth. Use `grep ^GCD | cut -f 2-` to extract this part. The columns are: GC%, unique sequence percentiles, 10th, 25th, 50th, 75th and 90th depth percentile
GCD	0.0	0.830	0.000	0.005	0.005	0.005	0.005
GCD	5.0	0.889	0.005	0.005	0.005	0.005	0.005
GCD	7.0	0.948	0.015	0.015	0.015	0.015	0.015
GCD	10.0	1.067	0.005	0.005	0.005	0.005	0.005
GCD	11.0	1.186	0.005	0.005	0.005	0.005	0.005
GCD	12.0	1.304	0.005	0.005	0.005	0.010	0.010
GCD	13.0	1.541	0.005	0.005	0.005	0.005	0.020
GCD	14.0	1.660	0.010	0.010	0.010	0.010	0.010
GCD	15.0	1.778	0.005	0.005	0.005	0.005	0.005
GCD	16.0	1.897	0.005	0.005	0.005	0.070	0.070
GCD	18.0	2.193	0.005	0.005	0.010	0.015	0.015
GCD	19.0	2.312	0.005	0.005	0.005	0.005	0.005
GCD	20.0	2.490	0.005	0.005	0.005	0.015	0.015
GCD	21.0	2.608	0.005	0.005	0.005	0.060	0.060
GCD	22.0	2.905	0.005	0.005	0.005	0.065	0.140
GCD	23.0	3.142	0.010	0.010	0.010	0.020	0.020
GCD	24.0	3.557	0.005	0.005	0.005	0.015	0.040
GCD	25.0	4.090	0.005	0.005	0.010	0.015	0.035
GCD	26.0	4.268	0.005	0.005	0.005	0.005	0.005
GCD	27.0	4.327	0.005	0.005	0.005	0.005	0.005
GCD	28.0	4.742	0.005	0.005	0.010	0.010	0.010
GCD	29.0	4.920	0.005	0.005	0.005	0.010	0.010
GCD	30.0	5.216	0.005	0.005	0.020	0.045	0.090
GCD	31.0	5.572	0.005	0.005	0.010	0.070	0.075
GCD	32.0	5.868	0.005	0.005	0.010	0.010	0.015
GCD	33.0	6.224	0.005	0.005	0.005	0.015	0.040
GCD	34.0	6.758	0.005	0.005	0.010	0.025	0.045
GCD	35.0	7.232	0.005	0.005	0.025	0.105	1.725
GCD	36.0	7.706	0.005	0.005	0.010	0.040	15.385
GCD	37.0	8.121	0.005	0.005	0.005	0.140	4.380
GCD	38.0	8.358	0.010	0.010	0.010	0.040	1.085
GCD	39.0	8.773	0.005	0.010	0.040	0.420	1.480
GCD	40.0	9.484	0.005	0.040	0.075	1.210	3.985
GCD	41.0	10.314	0.005	0.030	0.855	6.715	15.230
GCD	42.0	10.788	0.010	0.020	0.310	0.815	5.560
GCD	43.0	11.618	0.005	0.010	0.025	1.465	9.555
GCD	44.0	12.626	0.005	0.010	0.330	5.405	49.975
GCD	45.0	14.404	0.045	0.190	1.485	6.220	15.355
GCD	46.0	16.183	0.020	0.905	5.760	16.860	36.275
GCD	47.0	19.087	0.020	0.220	6.255	17.805	49.355
GCD	48.0	21.695	0.010	0.130	4.665	20.680	57.085
GCD	49.0	26.082	0.035	0.650	4.895	25.880	40.570
GCD	50.0	31.654	0.030	0.915	8.950	25.345	51.350
GCD	51.0	38.293	0.230	2.975	11.960	28.570	54.135
GCD	52.0	47.599	0.340	1.760	14.005	35.740	62.745
GCD	53.0	59.158	0.225	2.740	11.860	44.235	70.340
GCD	54.0	69.235	0.355	2.130	9.565	29.640	66.810
GCD	55.0	76.941	0.060	0.960	7.495	24.465	67.075
GCD	56.0	82.988	0.020	0.255	2.865	10.810	18.650
GCD	57.0	87.374	0.010	0.195	1.495	5.960	12.135
GCD	58.0	90.160	0.010	0.105	0.605	3.570	15.195
GCD	59.0	91.938	0.010	0.240	1.045	6.350	16.895
GCD	60.0	92.709	0.015	0.030	0.160	0.530	2.225
GCD	61.0	93.539	0.005	0.010	0.030	0.200	0.980
GCD	62.0	94.369	0.005	0.005	0.020	0.270	0.410
GCD	63.0	94.843	0.010	0.015	0.050	0.090	1.135
GCD	64.0	95.317	0.005	0.030	0.040	0.065	0.810
GCD	65.0	95.554	0.005	0.005	0.005	0.020	0.075
GCD	66.0	95.791	0.570	0.570	0.780	2.615	2.620
GCD	67.0	95.969	0.005	0.005	0.005	15.075	15.075
GCD	68.0	96.206	0.015	0.015	0.020	0.025	0.090
GCD	69.0	96.443	0.005	0.005	0.020	0.020	1.075
GCD	70.0	96.621	0.010	0.010	0.025	0.195	0.195
GCD	71.0	96.858	0.010	0.010	0.015	0.030	0.030
GCD	72.0	97.036	0.010	0.010	0.010	0.015	0.015
GCD	73.0	97.333	0.005	0.005	0.010	0.010	0.045
GCD	74.0	97.510	0.005	0.005	0.005	0.005	0.005
GCD	75.0	97.629	0.010	0.010	0.010	0.045	0.045
GCD	76.0	97.747	0.005	0.005	0.005	0.005	0.005
GCD	77.0	97.866	0.010	0.010	0.010	0.025	0.025
GCD	78.0	97.985	0.005	0.005	0.005	0.025	0.025
GCD	79.0	98.162	0.005	0.005	0.005	0.015	0.015
GCD	80.0	98.222	0.005	0.005	0.005	0.005	0.005
GCD	81.0	98.400	0.010	0.010	0.010	0.020	0.020
GCD	82.0	98.696	0.005	0.005	0.010	0.010	0.090
GCD	83.0	98.874	0.005	0.005	0.005	0.090	0.090
GCD	84.0	98.933	0.005	0.005	0.005	0.005	0.005
GCD	85.0	99.052	0.005	0.005	0.005	0.005	0.005
GCD	87.0	99.229	0.005	0.005	0.005	0.005	0.005
GCD	88.0	99.467	0.005	0.005	0.005	0.005	0.010
GCD	89.0	99.585	0.005	0.005	0.005	0.005	0.005
GCD	90.0	99.763	0.005	0.005	0.005	0.010	0.010
GCD	92.0	99.881	0.005	0.005	0.005	0.020	0.020
GCD	93.0	99.941	0.005	0.005	0.005	0.005	0.005
GCD	96.0	100.000	0.005	0.005	0.005	0.005	0.005
