# This file was produced by samtools stats (1.9+htslib-1.9) and can be plotted using plot-bamstats
# This file contains statistics for all reads.
# The command line was:  stats -c 1,1000,1 ERR495210_merged.bam
# CHK, Checksum	[2]Read Names	[3]Sequences	[4]Qualities
# CHK, CRC32 of reads which passed filtering followed by addition (32bit overflow)
CHK	71082dad	c7273279	8c61e0fd
# Summary Numbers. Use `grep ^SN | cut -f 2-` to extract this part.
SN	raw total sequences:	4664668
SN	filtered sequences:	0
SN	sequences:	4664668
SN	is sorted:	1
SN	1st fragments:	2329244
SN	last fragments:	2335424
SN	reads mapped:	4621561
SN	reads mapped and paired:	4593184	# paired-end technology bit set + both mates mapped
SN	reads unmapped:	43107
SN	reads properly paired:	4579238	# proper-pair bit set
SN	reads paired:	4664668	# paired-end technology bit set
SN	reads duplicated:	0	# PCR or optical duplicate bit set
SN	reads MQ0:	1423180	# mapped and MQ=0
SN	reads QC failed:	0
SN	non-primary alignments:	0
SN	total length:	466466800	# ignores clipping
SN	total first fragment length:	232924400	# ignores clipping
SN	total last fragment length:	233542400	# ignores clipping
SN	bases mapped:	462156100	# ignores clipping
SN	bases mapped (cigar):	460133597	# more accurate
SN	bases trimmed:	0
SN	bases duplicated:	0
SN	mismatches:	2177691	# from NM fields
SN	error rate:	4.732736e-03	# mismatches / bases mapped (cigar)
SN	average length:	100
SN	average first fragment length:	100
SN	average last fragment length:	100
SN	maximum length:	100
SN	maximum first fragment length:	100
SN	maximum last fragment length:	100
SN	average quality:	33.7
SN	insert size average:	274.5
SN	insert size standard deviation:	102.8
SN	inward oriented pairs:	2290018
SN	outward oriented pairs:	1219
SN	pairs with other orientation:	133
SN	pairs on different chromosomes:	5279
SN	percentage of properly paired reads (%):	98.2
# First Fragment Qualities. Use `grep ^FFQ | cut -f 2-` to extract this part.
# Columns correspond to qualities and rows to cycles. First column is the cycle number.
FFQ	1	1505	0	0	0	0	0	0	0	0	0	8131	0	0	0	0	0	11656	0	0	232	0	0	1482	8044	0	11735	23052	34423	23986	0	137668	781568	0	180006	1105756	0	0	0	0	0	0	0	0
FFQ	2	24	0	0	0	0	0	0	0	0	0	3577	0	0	0	0	0	14280	0	0	973	0	0	2620	6902	0	10275	21955	38744	20777	0	117522	702096	0	94689	1294810	0	0	0	0	0	0	0	0
FFQ	3	6	0	0	0	0	0	0	0	0	0	5110	0	0	0	0	0	10801	0	0	324	0	0	3572	6838	0	11449	21685	42165	23774	0	116712	679760	0	82856	1324192	0	0	0	0	0	0	0	0
FFQ	4	2	0	0	0	0	0	0	0	0	0	4146	0	0	0	0	0	3737	0	0	6106	0	0	3036	0	0	6606	11221	851	17785	413	28537	788	43427	68751	0	524656	0	1609182	0	0	0	0	0
FFQ	5	27	0	0	0	0	0	0	0	0	0	3890	0	0	0	0	0	5202	0	0	5790	0	0	3723	0	0	8690	14141	1034	19243	454	33706	931	46430	72830	0	527674	0	1585479	0	0	0	0	0
FFQ	6	0	0	0	0	0	0	0	0	1080	0	2204	590	0	0	0	1321	2023	3482	1630	1640	0	1137	354	5008	1	10709	10221	3542	10556	7161	31837	12667	55705	53857	2	498980	31599	1581938	0	0	0	0	0
FFQ	7	58	0	0	0	0	0	1	0	1180	0	2385	651	0	0	1	1286	2239	3528	1743	1673	0	1140	373	5176	3	11060	10424	4802	9696	7310	32453	13269	55987	53933	0	498872	31466	1578535	0	0	0	0	0
FFQ	8	0	0	0	0	0	2	3	0	1609	0	3046	820	0	0	0	1431	2341	3760	1836	1741	1	1227	358	5431	1	11488	10093	6666	8422	7153	32992	13401	55956	54126	3	498062	31636	1575639	0	0	0	0	0
FFQ	9	2	0	0	0	0	3	2	1	1641	0	2939	822	8	2	1	1702	2343	3857	1975	1647	3	1270	357	5339	2	11738	4163	14832	6849	7122	33354	9903	49566	37002	29706	159577	115	283105	163118	1495178	0	0	0
FFQ	10	0	0	0	0	0	3	7	7	1584	3	2608	697	4	3	4	1715	2387	3673	1936	1638	12	1323	393	5496	11	11927	4292	17021	4919	7410	34042	9955	49979	37316	29937	161143	103	284699	167600	1485397	0	0	0
FFQ	11	0	0	0	0	0	2	12	14	1568	8	2643	727	12	4	8	1678	2475	3650	2014	1675	18	1379	431	5652	57	12131	4409	19037	3104	7649	35063	9820	51070	38189	30280	162515	105	287505	169353	1474987	0	0	0
FFQ	12	0	0	0	0	0	3	26	24	1985	22	3451	946	18	6	11	1810	2512	3913	2008	1828	27	1446	457	5985	150	12340	4470	20627	1843	7726	35572	9708	51256	38901	30569	163797	135	290470	171105	1464097	0	0	0
FFQ	13	103	0	0	0	0	4	29	24	1702	40	2770	716	27	13	20	1886	2497	3978	2146	1814	40	1556	497	6016	259	12514	4652	21169	1727	7790	36774	9509	51986	39274	30289	164644	149	293306	174345	1454979	0	0	0
FFQ	14	0	0	0	0	0	6	29	33	1720	66	3056	727	36	10	21	365	3605	4244	2123	1824	53	1614	541	3764	2797	12440	4632	20540	1655	7750	17445	28112	32696	47298	33949	30668	105254	85105	242072	160091	482446	990457	0
FFQ	15	2	0	0	0	0	4	46	37	1844	100	2893	734	43	11	39	429	3557	4081	2146	1911	55	1763	508	3991	3161	12822	4719	20613	1738	8086	18119	28306	33000	47778	33486	32395	104501	86042	245759	160140	484475	979910	0
FFQ	16	0	0	0	0	0	6	82	44	1984	158	2881	726	60	19	47	588	3605	3813	2149	1965	76	1852	547	4103	3571	13163	4988	20672	1873	8305	18963	28478	32637	48763	33852	33586	104822	86433	246851	161688	487132	968762	0
FFQ	17	0	0	0	0	0	7	91	64	2124	269	3066	743	71	33	79	735	3835	3621	2264	2105	110	2146	660	4448	3974	12985	5243	20553	1917	8419	20175	29066	32824	49310	33607	35661	104230	87092	249630	161436	490891	955760	0
FFQ	18	0	0	0	0	0	11	121	79	2480	399	3131	809	72	40	89	996	3813	3837	2400	2127	138	2269	674	4665	4588	13312	5373	20378	2052	8650	21657	29038	32712	50487	33792	37266	104152	88078	251120	162927	492193	943319	0
FFQ	19	62	0	0	0	0	7	149	110	2562	493	3186	711	101	63	127	1271	3770	1006	5318	2244	141	2570	785	4963	5199	13498	5527	20806	2184	8950	23399	29429	32265	34967	51562	39972	91021	93979	226039	190630	496476	933702	0
FFQ	20	53	0	0	0	0	13	217	155	2547	633	2666	603	120	75	130	1454	3929	1211	4905	2321	217	2710	909	5151	5605	13449	5793	19918	2298	8807	25048	29994	32261	35541	51776	42715	91083	94837	230110	193336	496778	919876	0
FFQ	21	0	0	0	0	0	24	252	174	2791	819	2624	501	182	110	181	1775	4081	1301	4697	2394	253	3064	947	5360	6264	13272	6042	19784	2476	9247	27024	30279	31793	36735	51669	45816	91157	95968	235189	193870	497684	903445	0
FFQ	22	0	0	0	0	0	26	338	269	3202	1115	2726	504	214	127	233	2269	4325	1337	4339	2508	290	3448	1124	5723	7151	13313	6391	19429	2776	9580	28652	30950	30869	38411	51320	49127	90748	96471	240552	194758	498036	886593	0
FFQ	23	0	0	0	0	0	47	406	336	3477	1434	2629	540	268	192	292	2743	4435	1497	4057	2631	411	3816	1266	5874	7839	13593	6770	18960	2878	9688	30702	31314	30638	39869	51166	52604	89953	97428	243825	195847	497682	872137	0
FFQ	24	43	0	0	0	0	46	495	415	3592	1507	2180	476	343	229	383	3058	4493	1562	3704	2615	513	4306	1342	5918	8285	13764	7195	17960	3294	9848	32453	32212	30183	41747	51104	56951	89549	98768	248632	189224	495759	865096	0
FFQ	25	0	0	0	0	0	53	606	506	3820	1788	2051	391	404	293	490	3619	4468	1461	3882	2778	628	4805	1553	6152	8877	13888	7782	18044	3690	10395	34157	33649	29710	44160	50588	60997	89454	100022	254633	188193	498031	843226	0
FFQ	26	60	0	0	0	0	111	1040	853	5569	3212	2555	476	447	410	539	4260	4649	1540	3594	2920	713	5433	1725	6214	9779	13878	8211	17387	4325	10719	35361	34064	29256	45581	50188	65602	88705	101290	257348	187544	502314	821372	0
FFQ	27	142	0	0	0	0	144	1245	1202	6509	3992	2363	461	673	508	812	5176	5173	1710	3768	3200	969	5966	2135	6472	10398	14062	8928	17049	4768	10895	37292	35060	29267	47874	50309	69863	87966	103562	261377	187024	502568	798362	0
FFQ	28	89	0	0	0	0	172	1419	1350	6389	4014	1859	451	894	703	900	5657	5066	1640	3444	3229	1149	6535	2394	6730	10935	14557	9608	16995	5323	11112	39076	36053	29274	50622	50420	74726	87833	106092	264425	187349	503821	776939	0
FFQ	29	0	0	0	0	0	190	1666	1665	6640	4383	1518	444	985	821	1086	6020	4975	1522	3550	3346	1412	7285	2838	6834	11280	14164	10411	16245	6162	11553	40113	37353	29923	53919	50033	79671	87743	108392	267262	187017	505673	755150	0
FFQ	30	2	0	0	0	0	241	1871	2050	6644	4651	1267	452	1183	1017	1220	6251	4645	1420	3445	3519	1644	6717	3013	8006	11627	13881	11477	16081	6842	12058	40674	38734	30071	55804	50504	84521	87275	111223	270192	188647	504561	735814	0
FFQ	31	15	0	0	0	0	301	2312	2331	6905	4921	969	481	1316	1149	1496	6592	4358	1295	3610	3661	1899	7344	3539	8351	11999	13502	12071	16292	7967	12804	40674	40141	30820	59002	50935	89344	88621	112699	271483	188689	503603	715753	0
FFQ	32	25	0	0	0	0	342	2642	2867	7200	5519	830	538	1492	1420	1707	7012	4041	1268	3808	3973	2280	8125	3966	9035	12345	13194	13635	16461	9065	13466	41379	41515	32239	62461	52002	93611	89873	115706	274134	188847	499018	692203	0
FFQ	33	19	0	0	0	0	422	2962	3203	7162	5545	611	608	1767	1673	1980	7281	3781	1211	3999	4023	2734	8585	4541	9451	12600	12878	14757	16336	10341	13934	41883	43086	33333	65193	53203	99484	90800	119686	273499	191557	493629	671487	0
FFQ	34	165	0	0	0	0	514	3491	3694	7256	5567	449	800	1913	1859	2258	7275	3539	1164	4366	4433	3132	9126	5022	10118	12933	12529	16136	16892	11833	14895	41976	45103	34944	69528	55854	104740	93529	122533	275350	193642	486960	643726	0
FFQ	35	0	0	0	0	0	569	3983	4381	7429	5575	368	900	2193	2119	2659	7487	3356	1276	4659	4646	3518	9424	5578	10541	13736	12265	18140	17120	13437	15979	42043	47156	36858	73424	57905	110345	95772	127604	274785	198022	477640	616352	0
FFQ	36	0	0	0	0	0	728	4659	4800	7800	5644	310	1021	2480	2399	2871	7345	3206	1374	5085	4909	4154	9753	6328	11327	14040	11423	19585	17524	15167	17118	41877	49142	38702	76914	60909	117284	98689	131574	273919	200951	468457	589776	0
FFQ	37	192	0	0	0	0	779	5165	5293	7722	5430	321	1214	2649	2692	3139	7223	2803	1500	5236	5006	4628	10460	6933	11830	14328	11122	21283	17588	16562	18306	41614	50488	40741	80630	64460	122970	102501	134840	271478	203964	460437	565717	0
FFQ	38	18	0	0	0	0	954	5632	5715	7811	5303	321	1394	2999	3068	3560	7172	2695	1597	5857	5370	5223	11135	7369	12467	14344	10234	22863	18240	18501	19562	40129	52657	42679	84565	68028	129678	106495	138376	268235	206565	451906	540527	0
FFQ	39	0	0	0	0	0	1094	6040	6224	7775	5013	382	1572	3156	3226	3774	6790	2549	1798	6381	5336	5779	9109	7697	15809	14557	9765	24619	18311	20043	20690	40425	53590	44886	87304	72165	137869	110239	142175	260748	211793	440905	519656	0
FFQ	40	2	0	0	0	0	1191	6625	6873	7843	4781	424	1749	3399	3522	4060	6629	2456	1966	6867	5762	6480	9472	8348	16811	14743	9350	26393	18416	22166	22107	40642	56292	47320	91899	77227	147213	114523	144906	255370	213351	424937	497129	0
FFQ	41	0	0	0	0	0	1434	7162	7546	8210	4334	497	1969	3712	3907	4444	6470	2276	2089	7433	5727	7321	9756	8837	18078	15138	9035	28268	19080	23998	24070	40725	58268	49702	95638	83364	157017	119188	149136	249997	214612	409200	471606	0
FFQ	42	0	0	0	0	0	1635	7627	8066	8469	4065	526	2262	3922	4285	4744	6539	2279	2267	8092	5809	7899	10186	9514	19158	15670	8660	30380	19481	25837	25831	41066	60167	51972	100443	89336	167782	124214	153083	243989	215823	393741	444425	0
FFQ	43	0	0	0	0	0	1879	7824	8739	8622	3855	628	2611	4220	4597	4971	6250	2365	2501	8938	5883	8667	10725	10332	20384	15858	8511	32242	19630	27699	27241	41805	62572	54963	105023	96120	179189	128436	156840	237416	215742	376694	419272	0
FFQ	44	0	0	0	0	0	2163	8481	9571	9018	3626	770	2861	4423	4691	5314	6199	2370	2766	9825	5997	9661	11476	11105	21456	16280	8428	34636	20202	29688	29641	42845	65588	57418	109590	102898	192272	134168	159114	229819	216579	358044	390261	0
FFQ	45	0	0	0	0	0	1990	6485	7772	7404	2652	837	2913	3854	4606	4030	4780	1338	2288	7425	4672	12625	6785	10123	19698	14346	9170	31696	17217	28940	26902	41071	61718	54426	108017	102670	220759	130882	168316	198585	247386	345604	409262	0
FFQ	46	0	0	0	0	0	2122	6807	8247	7347	2293	833	2901	3741	4294	4111	4226	1316	2409	7677	4717	12812	6632	9789	20306	13549	8536	31128	16814	27553	27470	39082	60733	53740	108008	105507	250150	134118	172208	185612	237217	329252	415987	0
FFQ	47	48	0	0	0	0	2334	6923	8925	7471	2139	960	3052	3802	4547	4177	4171	1352	2613	8324	4622	13422	6735	10078	21371	13749	8674	32118	17120	27758	28982	39283	60555	54309	110651	110666	276678	137837	176272	173931	229935	306733	406927	0
FFQ	48	0	0	0	0	0	2577	6875	9388	7715	1907	1125	3307	3886	4587	4217	4206	1273	2791	8808	4443	14413	6581	10321	22316	13859	8807	32910	17293	28663	30375	40201	62183	55238	115004	117041	302715	142176	179601	164074	225618	284662	388088	0
FFQ	49	0	0	0	0	0	2915	7062	10152	7820	1725	1262	3482	3905	4692	4215	4107	1406	2994	9410	4392	15501	6730	10477	19339	17043	8007	33850	20629	28979	32064	41620	64229	56417	120351	123089	328525	146359	182943	148801	226726	265711	362315	0
FFQ	50	0	0	0	0	0	3274	7377	11026	8115	1504	1417	3828	4176	4814	4317	4406	1376	3167	10178	4178	16775	6852	10895	20109	17731	8011	35260	21432	29832	34125	43157	67119	57973	125753	131584	353926	149877	184101	139916	220594	247092	333977	0
FFQ	51	0	0	0	0	0	3576	7330	11660	8294	1286	1598	4076	4356	5040	4308	4502	1403	3293	10912	4009	18172	6719	11475	21102	18414	8294	36188	22285	29933	35886	45074	68559	59671	132009	139672	380111	152761	185021	131962	215169	227745	307379	0
FFQ	52	81	0	0	0	0	3799	7309	12558	8432	1164	1773	4426	4421	5149	4229	5041	1433	3717	11552	3936	19638	6829	11945	22035	19302	8721	37437	22970	30355	37719	46915	71091	61135	138587	146603	407527	155327	184588	123573	207322	210048	280557	0
FFQ	53	0	0	0	0	0	4369	7241	13097	8397	944	1985	4692	4443	5128	4254	5086	1469	3884	12400	3638	21108	6861	12265	22993	20180	9103	38095	24020	30333	39239	48539	73334	63588	145086	155498	434786	157605	182428	114831	199905	193079	255341	0
FFQ	54	0	0	0	0	0	4822	7037	13696	8412	776	2410	4885	4584	4985	4055	5520	1483	4110	13082	3371	22767	6779	12671	23689	21224	9225	38471	24916	30196	40999	50322	75579	64963	152101	163532	462381	158822	180267	106554	192540	176961	231057	0
FFQ	55	33	0	0	0	0	5356	7242	14930	8704	676	2583	5079	3778	4822	5042	5772	1268	4822	14005	3238	22877	8396	12661	25183	13659	18598	38739	25749	30322	42859	52386	78715	66583	158009	171981	489426	159422	174059	100468	183522	160356	207924	0
FFQ	56	5	0	0	0	0	5907	7129	15776	8641	576	2723	5392	4203	4866	5102	6226	1212	5104	14568	2959	24548	8129	13039	26234	13957	19718	39086	26849	30395	44682	54319	81056	68015	164712	179700	515435	159757	170236	92308	174355	145773	186552	0
FFQ	57	166	0	0	0	0	6265	7154	16963	8564	481	3164	5436	4222	4686	5091	6830	1230	5345	15498	2750	26098	8320	13329	27245	14349	20688	39671	28193	29118	46303	56082	83645	68739	171057	188898	541060	158946	165622	84562	164498	131658	167318	0
FFQ	58	0	0	0	0	0	6740	7061	17777	8617	425	3582	5693	4367	4525	5082	7415	1206	5668	16431	2635	27974	8616	13730	28469	14754	21857	39615	29923	28848	47700	57886	85993	70064	178694	194869	566811	157646	159462	77565	154174	118467	148903	0
FFQ	59	0	0	0	0	0	7883	7752	21030	9883	427	4107	6036	4610	4665	4034	8049	1281	5889	19207	2478	24806	6516	22146	20482	11971	21348	55483	31256	28601	48979	59489	88949	71606	183962	202781	585633	155104	152412	70272	143368	105521	131228	0
FFQ	60	22	0	0	0	0	7555	6298	18645	8356	216	4446	6196	4416	4549	3352	8400	1059	5683	18718	1905	25063	6004	21630	19987	11447	21002	54371	31902	27180	48621	58889	88428	71812	187122	206199	628539	155228	148716	59140	141854	92866	123428	0
FFQ	61	124	0	0	0	0	8098	5985	19237	8124	182	4771	5867	4462	3965	3213	8856	1015	6053	19058	1725	25904	5576	22248	19658	11347	21765	54157	32682	25619	49116	59037	89538	71286	188518	209075	666185	152654	144358	52719	130821	81491	114755	0
FFQ	62	133	0	0	0	0	8739	5722	20325	8204	153	5136	5782	4534	3643	2991	9535	1025	6224	19847	1524	26671	5454	22725	20265	11301	23120	54430	33847	24540	50022	59391	89559	72039	189998	213272	697082	150262	137874	47144	120936	71902	103893	0
FFQ	63	11	0	0	0	0	9480	5629	21872	8272	103	5649	5764	4820	3561	2890	10224	1012	6677	21066	1409	27677	5223	23726	20448	11101	24592	54927	35180	23355	51312	59814	91194	72466	193761	218841	721252	147216	129904	41996	111092	63177	92551	0
FFQ	64	15	0	0	0	0	10133	5255	22670	8289	73	6193	5811	4952	3359	2804	10898	1002	7109	22107	1254	29237	4898	25058	20903	11290	25853	56035	36798	22450	51910	60880	92668	72980	198402	224623	740883	143928	122500	37614	101170	55817	81423	0
FFQ	65	0	0	0	0	0	10757	5059	23632	8327	54	6705	5787	5060	3065	2605	10731	1751	7277	15402	8654	29950	4793	16811	30464	11398	27309	52550	23335	20639	71910	61875	95413	74128	202544	230267	758845	140569	115112	33175	92846	48922	71523	0
FFQ	66	15	0	0	0	0	11355	4899	24702	8343	45	7502	5644	5270	2842	2484	11412	1921	7532	15934	8902	31166	4604	17098	30971	11344	28514	52481	23810	19596	74085	62151	96655	74480	207442	235311	777265	136207	107930	29591	84482	42758	62501	0
FFQ	67	45	0	0	0	0	12296	4544	26059	8386	37	8005	5641	5366	2735	2389	12184	1893	7886	16397	9617	32396	4323	17400	31949	11446	29692	52598	24701	18309	76401	62162	99486	75797	210659	239979	791007	132727	100386	26031	76794	37424	54097	0
FFQ	68	220	0	0	0	0	13174	4411	27152	8589	32	8550	5421	5697	2547	2220	12965	1870	8200	16369	10200	33299	4130	17754	33048	11428	31198	52483	25419	17433	78208	62617	100807	76191	215346	244522	803490	128876	93491	22863	69709	32312	47003	0
FFQ	69	198	0	0	0	0	13810	4208	28162	8744	25	9287	5467	5764	2383	1997	13837	1873	8756	16937	10911	34002	3999	18462	33817	11432	32796	52249	26098	16303	79737	63069	102190	76681	217121	249160	816446	125209	86895	20139	62939	27827	40314	0
FFQ	70	25	0	0	0	0	14317	3924	29047	8883	20	10030	5409	6002	2196	1872	14471	2023	9093	16992	11575	35032	3680	4759	22850	37504	33809	51940	26955	15236	81901	63534	103672	78342	220982	252468	826972	120408	80331	17571	57012	23969	34438	0
FFQ	71	96	0	0	0	0	15124	3614	30376	8913	15	10455	5125	6238	2043	1791	15289	2060	9339	17479	12317	35875	3296	4535	23373	38564	35019	51993	27502	14043	83658	63058	104906	78375	223642	256553	835557	118048	74165	15525	51624	20363	29296	0
FFQ	72	91	0	0	0	0	16038	3440	31222	9083	13	11185	4860	6365	1870	1712	15820	2028	9626	17911	13080	36535	3043	4159	23609	40327	36643	51622	28595	13128	84856	63765	106718	78826	225729	261042	841661	114579	68187	13392	46522	17164	24798	0
FFQ	73	59	0	0	0	0	16720	3057	32069	9415	23	11859	4656	6608	1661	1482	16602	2155	10059	17887	13661	37697	2910	4062	23894	41546	37968	51883	29178	12145	87975	63691	107859	79824	228933	264697	845654	110574	62323	11636	41697	14489	20636	0
FFQ	74	66	0	0	0	0	17738	2898	33478	9591	26	12655	4558	6846	1522	1402	17679	2234	10353	18546	14424	38719	2680	3926	24320	42824	39409	51590	30052	11281	89557	64145	109853	81327	230240	267543	848078	106294	57094	9828	37291	11992	17185	0
FFQ	75	68	0	0	0	0	18462	2637	34392	9800	25	13303	4311	6965	1389	1238	18146	2239	10792	18954	15308	39427	2447	3719	24620	44001	40777	20414	61496	10333	91142	63739	110877	82486	232805	272205	850191	102698	52339	8519	33017	10045	13918	0
FFQ	76	13	0	0	0	0	17823	2237	32234	10998	27	15845	4696	6383	1402	994	21528	1850	12324	17496	18418	46135	2410	3658	28797	53698	47641	23083	77278	12058	114360	78717	143582	111097	269208	339827	647276	78379	37767	7046	29157	7899	5903	0
FFQ	77	61	0	0	0	0	19048	2114	33875	10595	21	14903	3914	6808	1099	952	20232	2042	11719	17746	17614	42589	2058	3083	26168	49431	44072	18876	69302	9485	102795	69668	127562	95264	268424	320309	748277	83453	39777	5943	26653	7315	5997	0
FFQ	78	70	0	0	0	0	19800	1850	34405	10382	25	15195	3459	6961	982	816	19978	2085	11432	17444	17032	40808	1753	2809	24973	47788	42578	16256	66169	7742	96550	64230	117066	86227	248222	291228	841841	90880	39749	4925	23319	5594	6621	0
FFQ	79	37	0	0	0	0	20438	1659	34613	10283	20	15180	3263	7090	846	784	20281	2124	11579	17937	17335	39711	1572	2887	24791	46803	42366	14787	65918	6718	93709	61418	112716	82696	240453	279722	884126	93030	37609	4252	20165	4332	5994	0
FFQ	80	21	0	0	0	0	20933	1448	35630	10288	27	15822	3032	7323	703	699	20726	2170	11659	17960	17716	40122	1402	2819	24835	46932	43008	13408	66035	5858	93560	61209	111344	81256	237376	276587	900200	93392	34749	3338	17442	3321	4894	0
FFQ	81	165	0	0	0	0	21529	1290	36327	10828	24	16774	2828	7399	669	700	21163	2134	11951	18347	18615	40557	1349	2636	25064	48141	43858	12330	67303	5394	94437	61094	110353	81927	235515	275921	904576	92734	31457	2713	14975	2450	3717	0
FFQ	82	66	0	0	0	0	22388	1197	37967	10849	22	17180	2564	7503	606	568	21780	2293	12218	18727	19171	40940	1141	2650	25042	48696	44927	11157	68452	4625	95319	61127	112302	81918	235701	277576	904618	90274	28303	2213	12581	1852	2731	0
FFQ	83	501	0	0	0	0	23483	1139	39613	11267	25	17677	2327	7857	528	515	22346	2330	12526	19462	20012	41129	1005	2448	25706	49618	46280	10558	69681	4297	96566	60684	113022	82413	237476	278954	898925	87947	25231	1755	10609	1353	1979	0
FFQ	84	187	0	0	0	0	24079	1009	39951	11680	34	18581	2252	7970	467	459	23235	2356	12897	19808	20782	41698	991	2570	25821	50185	47282	9770	70207	3767	98559	61105	113809	82569	237987	281366	895587	85350	22219	1422	8878	958	1397	0
FFQ	85	162	0	0	0	0	24868	860	41843	12017	28	19310	2108	8004	408	449	23631	2472	13138	20400	21111	42752	856	2384	26320	51327	48408	8890	72427	3372	99793	61248	115239	83825	237658	282499	888345	83624	19474	1112	7223	682	977	0
FFQ	86	69	0	0	0	0	25715	780	42033	12102	39	20457	1975	8360	332	381	24398	2450	13467	20276	21820	42945	783	2382	26787	52381	49350	8225	73217	3048	100827	61733	116141	84142	238737	284777	882779	81540	17071	863	5767	442	653	0
FFQ	87	51	0	0	0	0	26218	728	42845	12451	23	20575	1796	8532	294	351	24887	2556	14064	20710	22559	43363	664	2420	26879	52902	49803	7487	74263	2730	102223	61789	116810	85001	238683	286757	878849	79125	15009	660	4478	310	399	0
FFQ	88	190	0	0	0	0	27347	640	44253	12807	32	20915	1662	8885	233	300	25312	2558	14185	21205	23274	43355	551	2402	27355	53973	50635	7000	75298	2433	103087	62248	117600	85231	239264	288055	872143	77484	13053	508	3359	167	245	0
FFQ	89	192	0	0	0	0	28224	593	45872	13344	38	22022	1555	8984	215	263	26210	2593	14269	21584	23863	44019	527	2437	27610	55200	52141	6276	77187	2159	104529	62385	118567	86346	239557	289075	862534	74722	11016	327	2588	95	126	0
FFQ	90	54	0	0	0	0	28702	511	46558	13585	34	22696	1389	9045	177	260	26672	2677	14588	21791	24482	44638	456	2427	28150	55710	53012	5827	77980	1900	104989	62756	119538	87179	240008	291573	855100	72900	9604	266	1895	52	63	0
FFQ	91	341	0	0	0	0	29838	444	48261	13757	31	23241	1303	9298	149	229	27522	2626	14915	22269	24904	45001	378	2426	28833	56903	54417	5265	79246	1716	106192	62511	120978	87135	239707	292189	847046	70417	8197	175	1327	27	30	0
FFQ	92	208	0	0	0	0	30780	412	49049	14144	44	24340	1208	9457	123	202	28238	2787	15318	22667	26038	46153	331	2391	29336	57485	55478	4873	79996	1511	107572	63358	121616	88491	239186	292883	836653	68968	6849	125	956	11	7	0
FFQ	93	369	0	0	0	0	31750	331	50947	14453	34	24663	1131	9692	114	165	28735	2814	15672	23383	26967	46465	307	2369	29609	57908	56508	4529	81280	1349	108659	64066	122665	88928	239882	294702	825364	67031	5688	84	629	1	1	0
FFQ	94	116	0	0	0	0	32784	309	52134	14954	36	25682	987	9786	100	131	29099	2947	15973	23835	27414	47095	281	2488	30386	59492	57920	3985	82574	1233	110342	64548	123723	90039	239834	295514	813213	65172	4655	58	405	0	0	0
FFQ	95	383	0	0	0	0	33819	258	53778	15402	30	26311	938	132	10148	101	29862	3100	16423	24360	28238	47887	199	2508	30841	60075	58750	3864	84083	1068	111625	64890	124742	90980	239703	296959	800296	63385	3836	34	236	0	0	0
FFQ	96	194	0	0	0	0	34874	221	55152	15866	47	27076	883	118	10445	110	30567	3013	16850	24277	28939	47841	183	2602	31077	60933	59660	3565	84564	987	112348	65037	125919	91588	238707	298039	792281	62140	3001	18	122	0	0	0
FFQ	97	353	0	0	0	0	35681	213	56118	16066	43	27423	758	95	10511	97	31007	3129	16959	25044	29704	48830	165	2578	31369	61422	61022	3173	85726	855	113550	65366	126703	91927	239432	297983	783051	60259	2560	8	64	0	0	0
FFQ	98	47	0	0	0	0	36839	176	58430	16680	41	28468	763	75	10513	78	31768	3147	17213	25648	30144	49676	139	2674	31752	62414	61700	2848	87058	815	115238	66448	127929	92063	238636	298690	770031	59003	2069	4	27	0	0	0
FFQ	99	99	0	0	0	0	37345	147	58663	17145	33	29145	632	66	10735	68	32483	3249	17662	25785	30983	49581	110	2617	32042	63194	62691	2577	87703	683	116137	66437	128165	93238	238055	301144	761068	57873	1682	2	5	0	0	0
FFQ	100	3	0	0	0	0	45497	158	72095	20185	63	35347	800	93	13884	77	38244	4126	20981	32353	37200	58166	121	3279	38233	73073	75561	2764	100298	735	131744	75564	143731	103606	235460	317877	603488	43398	1040	0	0	0	0	0
# Last Fragment Qualities. Use `grep ^LFQ | cut -f 2-` to extract this part.
# Columns correspond to qualities and rows to cycles. First column is the cycle number.
LFQ	1	3131	0	0	0	0	0	0	17111	0	0	16876	0	6291	0	0	3858	22914	0	2641	39	3307	0	10755	16677	2867	21602	53775	49793	60184	3762	169104	821904	0	145601	903232	0	0	0	0	0	0	0	0
LFQ	2	1775	0	0	0	0	0	0	19077	0	0	16666	0	5825	0	0	4455	25366	0	2820	42	3562	0	11349	15800	2909	20451	50645	59941	55478	3922	147434	751885	0	76640	1059382	0	0	0	0	0	0	0	0
LFQ	3	1554	0	0	0	0	0	0	19691	0	0	17070	0	5724	0	0	4456	25968	0	2748	38	3593	0	12585	15644	2747	21247	49937	63520	55792	3669	146819	723987	0	66118	1092517	0	0	0	0	0	0	0	0
LFQ	4	2042	0	0	0	0	0	0	19641	0	0	16486	0	5702	0	0	0	10903	10597	2735	7846	3623	0	8500	3744	2763	14870	21878	13177	31575	1716	48944	6403	76965	85349	0	548834	0	1391131	0	0	0	0	0
LFQ	5	2051	0	0	0	0	0	0	19539	0	0	16722	0	5677	0	0	0	11204	10419	2842	7433	3697	0	8942	3716	2823	14808	22203	13464	31415	1805	48888	6334	76786	85807	0	551333	0	1387516	0	0	0	0	0
LFQ	6	254	0	0	0	0	0	188	10824	13591	0	8541	2234	2664	3354	609	6099	4212	13602	4320	4004	1512	2573	4711	11112	2239	16323	15242	15356	20842	11851	45107	23978	85056	60393	2	520453	31855	1392323	0	0	0	0	0
LFQ	7	100	0	0	0	0	156	111	10794	13905	0	8665	2202	2559	3259	593	5898	4401	13197	4360	4053	1542	2634	4852	11267	2217	16717	15413	16813	18993	12177	45963	24027	85615	59948	4	518935	31411	1392643	0	0	0	0	0
LFQ	8	423	0	0	0	0	251	103	10959	14143	0	8728	2278	2600	3234	601	5908	4507	11902	4446	4127	1500	2760	4864	11468	2323	17052	15547	19311	16906	12140	46196	23531	85550	60470	4	518394	31465	1391733	0	0	0	0	0
LFQ	9	185	0	0	0	0	311	126	11027	14577	1	8838	2353	2486	3265	653	6045	4522	11890	4673	4021	1481	2833	4775	11245	2326	17043	7552	29734	14811	12268	46638	18794	66822	44458	39646	174275	180	287308	152533	1325729	0	0	0
LFQ	10	209	0	0	0	0	370	164	10876	15174	4	10178	2795	2565	3456	618	6191	4624	12190	4902	4324	1547	2850	4926	11523	2431	17411	7713	32021	12348	12221	46967	18291	67529	44338	38841	174607	164	287208	153571	1320277	0	0	0
LFQ	11	64	0	0	0	0	389	210	10711	14624	27	8872	2321	2616	3427	609	6273	4519	12473	4717	4297	1430	2937	4837	11233	2447	17346	7755	34715	10354	12348	47597	18231	67899	44360	39729	175167	162	288265	154280	1318183	0	0	0
LFQ	12	538	0	0	0	0	436	293	10787	14750	69	9023	2299	2532	3507	642	6154	4548	11777	4747	4506	1526	3101	4927	11435	2550	17445	7679	35854	8766	12553	48331	17514	67482	45849	39336	177045	173	289883	156924	1310443	0	0	0
LFQ	13	508	0	0	0	0	455	323	10848	15152	141	9216	2553	2690	3478	615	6275	4571	12003	4818	4614	1580	3221	4936	11736	2696	17654	7786	35565	8712	12616	49356	16893	67982	46033	39076	178321	176	290475	158984	1303366	0	0	0
LFQ	14	801	0	0	0	0	515	402	11005	15469	284	9330	2418	2672	3365	673	1685	7647	13724	4842	4731	1561	3237	5028	8676	6172	17949	7920	35369	8591	12554	28672	37176	48269	53469	41710	33399	114586	86195	239100	156327	450326	859575	0
LFQ	15	479	0	0	0	0	533	508	11249	15919	462	9274	2569	2706	3567	692	1915	7934	13566	4924	4825	1520	3343	4981	8876	6659	18526	8050	35422	8672	12802	29227	37145	48504	54746	41665	34579	114531	87669	240487	156418	450002	850478	0
LFQ	16	462	0	0	0	0	589	585	11440	16247	583	8784	2451	2613	3497	666	2156	8072	13266	4964	5001	1545	3631	4969	8998	6870	18709	8053	35039	8684	12597	30474	37158	48582	54315	41863	35891	113803	88562	241810	157940	450598	843957	0
LFQ	17	389	0	0	0	0	616	733	11373	16410	854	9084	2326	2716	3612	706	2604	8170	12809	4960	5157	1624	3809	4762	9024	7292	19011	8338	34247	8906	12900	31515	37042	47831	55475	42046	37533	112735	88981	243694	158962	452056	835122	0
LFQ	18	755	0	0	0	0	643	903	11352	17267	1131	9054	2233	2749	3668	743	3010	8559	12307	5215	5159	1676	3968	4866	9465	7983	18933	8409	33637	9026	12772	33435	36701	47196	56651	41038	40028	111897	89589	245490	159858	452174	825884	0
LFQ	19	436	0	0	0	0	684	1055	11682	17262	1564	8487	2177	2845	3777	789	3358	8063	4524	13448	5198	1746	4347	5023	9601	8320	18690	9260	32220	9447	13000	35211	37156	46656	39516	58600	42226	94743	97302	218764	187486	459562	821199	0
LFQ	20	543	0	0	0	0	713	1237	11835	17861	1933	8186	1854	2818	3886	840	4069	8535	4841	12175	5467	1681	4596	4891	9597	9344	19139	9333	31368	9603	13178	36657	36651	45398	40529	57529	45007	94203	98539	221360	189225	459712	811091	0
LFQ	21	1179	0	0	0	0	793	1505	11636	18344	2525	7839	1817	2909	3902	911	4707	8929	4814	11055	5379	1947	5017	4931	9815	10133	19588	9827	30306	9950	13363	38592	36609	44522	41770	57018	48523	94191	98272	223363	189314	459121	801008	0
LFQ	22	527	0	0	0	0	860	1791	12091	18945	3038	7292	1575	3056	4009	954	5365	9286	5091	10068	5556	2097	5353	5003	9943	10900	20320	9970	29130	10554	13255	40646	36775	43842	42901	56166	52173	94232	98292	227802	189201	458268	789097	0
LFQ	23	637	0	0	0	0	894	2155	12061	19331	3692	6627	1425	3140	4078	1099	6186	9672	5063	9356	5624	2154	5938	5160	10040	11770	20739	10292	28102	10633	13622	42623	37441	42659	44411	55757	55907	92718	98959	231823	189516	456861	777259	0
LFQ	24	418	0	0	0	0	950	2374	12231	19704	4353	5858	1245	3397	4164	1219	6979	10051	4939	8601	5668	2356	6339	5381	10093	12448	21155	10639	27044	11362	13888	44661	36949	42125	46472	54969	59964	91917	99840	236239	183685	453973	771774	0
LFQ	25	200	0	0	0	0	1076	2800	12560	20414	5161	5374	1149	3395	4238	1326	7840	10492	4570	8158	5838	2511	6995	5607	10342	13243	21494	11405	25987	12121	14441	46808	38294	40938	48697	54009	64271	90786	100724	240308	182095	455796	753961	0
LFQ	26	142	0	0	0	0	1136	3285	11716	20596	6349	4935	1176	3623	4519	1580	8471	10294	4311	7785	6058	2752	7708	5980	10574	14010	21822	12113	25373	13255	14616	48498	38317	41215	50293	53470	69401	89215	102367	242995	181072	457288	737114	0
LFQ	27	176	0	0	0	0	1248	3860	11844	20696	6979	4280	1075	3668	4687	1795	9301	10191	4004	7518	5922	3152	8214	6362	10538	14882	21674	12796	24602	14107	15149	50424	39122	41328	52486	52456	74244	88467	103563	244176	180851	459675	719912	0
LFQ	28	213	0	0	0	0	1340	4352	12042	21086	7741	3574	1076	3994	4713	2053	10103	9989	3572	7531	6158	3487	9054	6871	10865	15234	21613	13775	24382	14893	15482	51572	39839	41402	55461	52297	79334	88185	104719	247202	178897	459970	701353	0
LFQ	29	79	0	0	0	0	1433	4910	12437	21374	8301	3065	1087	4150	4934	2237	11004	9674	3365	7554	6272	3966	9803	7221	10776	15742	21433	14758	23694	15735	16009	52940	41215	41844	57589	51900	83497	87158	106948	249508	179175	459645	682992	0
LFQ	30	24	0	0	0	0	1591	5726	12551	21299	8783	2415	1039	4382	5120	2629	11391	9259	3085	7607	6212	4028	9527	7555	12257	16553	21197	15637	23116	17184	16522	53387	41821	42012	60848	51623	88239	86441	109843	250297	179636	459704	664884	0
LFQ	31	423	0	0	0	0	1670	6354	13064	21458	9105	1944	1214	4563	5428	2882	11983	8683	2699	7695	6387	4581	10284	8219	12468	17038	20481	16595	22849	17863	17240	53327	42223	42780	63754	51808	93244	86373	111609	252544	179988	456045	648559	0
LFQ	32	261	0	0	0	0	1875	7032	13463	21454	9242	1572	1335	4978	5864	3109	12195	8204	2579	7779	6390	5016	10749	8747	12696	17251	19840	18198	22722	19262	18011	52897	43578	43206	66319	52226	97750	85926	113635	253164	180953	454101	631845	0
LFQ	33	840	0	0	0	0	2019	7669	13666	21052	9475	1289	1521	5200	6303	3683	12512	7560	2295	8197	6739	5507	11375	9286	13349	17728	19283	19488	22587	20923	18805	52652	45229	44452	69344	52510	102194	87450	116335	252126	181893	447008	615880	0
LFQ	34	950	0	0	0	0	2235	8692	14307	21451	9397	1079	1764	5506	6498	3956	12588	6957	2223	8337	6873	6016	12182	9816	13602	17897	18580	21061	22712	22406	19864	51918	46380	45371	72552	54552	107050	88897	118754	250973	183399	442101	596528	0
LFQ	35	184	0	0	0	0	2460	9453	15135	21387	9320	944	1886	6086	6943	4280	12944	6583	2227	8836	6931	6586	12427	10607	14337	18861	17827	22927	22881	23902	20621	51375	47614	46614	75688	56540	111988	90422	122410	250085	186285	434402	575426	0
LFQ	36	1114	0	0	0	0	2549	10394	15498	21305	9431	932	2209	6216	7397	4787	12342	5995	2277	9137	7109	7232	12807	11272	14968	19301	16825	24612	23203	26195	21307	50739	49206	48388	78594	58856	117784	92494	125374	247604	188334	427052	554585	0
LFQ	37	1000	0	0	0	0	2867	11126	16003	20999	8892	934	2519	6474	7894	5094	12111	5421	2360	9258	7291	7937	13356	12088	15360	19283	16099	26357	22847	27515	22814	49446	50554	50082	82075	61965	124162	94804	129484	244054	191695	417920	535284	0
LFQ	38	1117	0	0	0	0	3071	12157	16847	21432	8522	979	2847	6968	8369	5580	12091	5249	2573	9908	7534	8704	14097	12536	15939	19572	14824	28366	23047	29423	23953	48563	52324	51326	85116	65495	130935	98746	132324	241143	193240	407313	513194	0
LFQ	39	1351	0	0	0	0	3400	12813	17408	21232	8050	1014	3165	7261	8905	5783	11679	4872	2720	10526	7587	9251	12308	12941	19400	19924	14291	30405	22952	31624	25358	47977	53912	53765	88315	68920	137637	102197	136286	235209	197985	396929	490072	0
LFQ	40	552	0	0	0	0	3725	13393	18424	21380	7637	1163	3654	7718	9396	6236	11487	4533	2821	10918	7840	10314	12607	13693	20346	20221	13525	32555	23532	33336	26907	47740	56043	55513	91947	73721	146128	106203	139627	230604	200603	384388	464994	0
LFQ	41	544	0	0	0	0	4054	14280	18854	21245	6861	1249	4046	7924	9685	6656	10938	4327	3003	11671	7665	11081	12973	14345	21504	20360	13285	34405	23544	35602	28628	47057	57466	57601	94725	78677	155577	110356	142775	225084	202419	371880	443078	0
LFQ	42	437	0	0	0	0	4462	14992	19631	21404	6440	1499	4419	8040	10261	6944	10359	4165	3194	12486	7886	11929	13675	15244	22579	20486	12582	36241	23545	37440	29965	46713	60304	59846	98691	84810	165401	114280	145896	219235	203276	357423	419244	0
LFQ	43	322	0	0	0	0	4875	15667	20536	21362	5809	1669	4940	8143	10591	7005	10097	4025	3485	13248	7855	12658	13905	15668	23801	20718	12038	38617	23718	39308	31945	47347	62210	61379	103186	90210	176359	118824	149445	212463	203988	342381	395627	0
LFQ	44	311	0	0	0	0	5206	16284	21128	21967	5486	1855	5431	8297	10872	7253	9476	4091	3745	14306	7718	13558	14551	16290	24756	20923	11668	40621	23970	40748	33316	47154	64167	63770	106488	96944	188852	123162	152593	204756	204172	326772	372767	0
LFQ	45	198	0	0	0	0	5846	16811	22485	21566	4824	2049	5918	8541	11340	7357	8291	3045	3935	13834	7315	19872	11497	16372	27237	21044	13755	42397	23962	41581	35723	48240	66054	65283	110445	103469	202891	127146	154384	197818	202610	311149	349140	0
LFQ	46	493	0	0	0	0	6326	17347	23425	22274	4364	2275	6601	8408	11411	7561	8043	2955	4310	14583	7295	21263	11848	16809	28355	21340	14003	44787	24021	43433	38262	48776	68662	66894	115188	110672	216434	131285	156704	188737	200757	293865	325658	0
LFQ	47	293	0	0	0	0	6816	17728	24756	22557	3953	2579	7120	8660	11969	7660	8111	2879	4589	15615	7327	23292	11692	17763	30148	22147	14184	46570	24505	44961	40201	50027	71417	69298	120541	117701	230704	134891	157005	180288	198401	276223	300853	0
LFQ	48	447	0	0	0	0	7551	17768	25732	22473	3513	2804	7854	8586	12111	7649	8198	2841	4886	16515	7005	24995	11626	18136	32031	22118	14513	48780	24676	45743	42114	51664	73777	71131	125640	125530	247087	138624	157732	171271	195402	258409	278492	0
LFQ	49	68	0	0	0	0	8336	18314	27034	22375	2944	3097	8309	8692	12415	7920	8089	2793	5179	17504	6696	26818	12094	18333	28226	25865	13473	50629	28225	46361	45181	53763	76319	72912	131014	133387	262643	141443	158201	156339	197147	240790	256496	0
LFQ	50	275	0	0	0	0	9047	18181	28567	22733	2634	3461	9047	8899	12387	7948	8277	2740	5568	18422	6647	28409	12303	18832	29578	26920	13774	51938	29364	47491	47159	55558	79741	74049	136309	141991	278885	143292	157820	147527	191272	223249	235130	0
LFQ	51	64	0	0	0	0	9568	17880	28583	22156	2156	4411	10790	9653	13931	7497	9060	2537	6029	20069	5853	34123	12941	22958	33098	32334	16757	61710	33110	59200	56193	73336	103998	96607	169449	184378	227888	150701	147815	154047	226185	177170	91189	0
LFQ	52	68	0	0	0	0	10511	17859	30889	21828	1812	4620	10511	8901	12574	7395	9063	2472	6525	20692	5838	33961	12285	21399	32804	30225	15275	58609	32354	52068	54479	66076	95133	88667	167066	179344	269642	153822	142816	141185	217279	191663	107714	0
LFQ	53	333	0	0	0	0	11435	18076	32868	22009	1618	4922	10620	8778	12076	7364	9366	2448	6795	21682	5480	35298	12071	20438	33590	29922	15257	57118	32510	48580	53905	63283	91235	82864	162611	174000	313027	151104	146245	126194	187744	182074	140484	0
LFQ	54	285	0	0	0	0	12244	17803	34053	21367	1295	5400	10972	8983	11648	7213	9862	2428	7148	22552	5056	37201	12316	20761	34378	30386	15597	56939	33056	47341	55217	63034	90262	81401	163238	176272	344854	148667	147604	113199	169525	163171	152696	0
LFQ	55	451	0	0	0	0	13001	17531	35585	21268	1076	5982	11418	7948	11460	8270	10437	2314	7857	23357	4642	36757	14085	20340	35715	22025	26541	56591	33605	46586	56613	65371	91518	80850	167027	181772	368559	147704	144164	103827	157897	147346	147934	0
LFQ	56	865	0	0	0	0	14361	17224	37610	21228	862	6528	11901	7885	11134	8374	11171	2250	8329	24619	4328	39182	14266	20653	37377	22053	28069	57353	35019	45700	58252	66939	93502	81663	172263	189107	387013	146085	140424	94483	148120	132454	136778	0
LFQ	57	361	0	0	0	0	15328	16920	39577	20963	768	7097	12320	8344	10500	8377	11989	2183	8991	25560	4049	41458	14400	20827	39117	22337	29726	57073	36380	45434	60468	68430	96903	83229	178215	196652	403971	143471	135292	86346	138987	119458	123923	0
LFQ	58	253	0	0	0	0	16506	16714	41614	20710	625	7604	12520	8333	10223	8408	13042	2201	9796	26873	3722	43655	14732	21409	40686	23059	31477	57405	38218	44172	61805	71092	99587	84155	184009	204232	419418	140077	130769	78596	129205	106798	111724	0
LFQ	59	239	0	0	0	0	15068	13326	36847	18572	431	8251	12076	7120	9378	5029	12715	1696	8683	25832	2841	36603	10511	28613	27462	17594	25847	71328	36822	41091	57636	67587	96541	81943	186733	204986	482933	141750	132446	63644	137463	96882	110905	0
LFQ	60	7	0	0	0	0	15817	12592	37523	17535	328	8468	11862	6900	8605	4906	12776	1693	8856	26126	2635	35727	10029	27990	26797	16410	26266	68872	36632	37584	56444	65655	92180	77958	186541	204597	537128	141591	131655	57373	127779	86996	106591	0
LFQ	61	0	0	0	0	0	16672	12146	39454	16823	267	9199	11282	6888	7953	4832	13267	1740	9117	26854	2212	36199	9886	28324	26967	16377	27171	68184	37218	36174	56636	64637	91737	76214	188731	205701	574466	138999	128312	51490	117287	77126	98882	0
LFQ	62	39	0	0	0	0	17464	11596	40919	16819	192	9810	11122	7029	7421	4588	13962	1535	9788	27749	2038	37188	9545	28781	27546	16088	28630	68810	38283	34527	57053	65269	93032	76409	191022	210228	599478	136836	122569	45879	108451	68036	89693	0
LFQ	63	192	0	0	0	0	18618	11475	44228	17000	170	10845	11371	7334	7127	4529	14950	1610	10322	29277	1847	38418	9366	29819	28086	16071	29896	69062	39947	33031	57857	66092	94267	76593	195011	216177	616609	133667	115267	41088	99213	59975	79017	0
LFQ	64	288	0	0	0	0	19477	10619	44580	16603	96	11712	11225	7419	6686	4173	15711	1458	10644	30012	1606	39944	9005	31020	29102	15828	31841	69609	41762	31795	58753	66547	96287	76777	199546	221351	634156	129889	109058	36985	90958	52874	70028	0
LFQ	65	147	0	0	0	0	20570	10248	46262	16388	108	12362	11013	7564	6464	3965	15837	2466	11094	22590	9917	41033	8614	21060	40797	15771	33034	66848	26630	29926	80639	67322	97985	78406	204165	226517	648269	126149	102027	32881	82655	46226	61475	0
LFQ	66	277	0	0	0	0	21499	9550	47628	16189	62	13491	10909	7604	6001	3870	16812	2505	11819	22898	10214	42288	8159	21034	41639	15932	34679	67009	27561	28246	82459	67554	99576	78851	207984	232808	661605	122269	95472	29274	75316	40673	53708	0
LFQ	67	72	0	0	0	0	22733	9057	49265	16061	55	14378	10649	8101	5516	3554	17744	2561	12320	22982	10961	43749	7925	21674	42947	15693	36095	65929	28471	26828	84236	68159	101905	79550	212031	237057	673040	118667	89327	25842	68299	35489	46502	0
LFQ	68	247	0	0	0	0	24364	8438	51151	16010	41	15202	10135	8216	4953	3406	18763	2428	12825	23372	11673	44777	7932	21866	44122	15412	37890	65928	29079	25168	86307	68346	103663	79927	216511	241565	682271	114325	82808	23036	62040	31179	40048	0
LFQ	69	65	0	0	0	0	23463	7051	47942	15341	31	15724	9720	7386	4404	2877	19017	2209	12772	21734	11662	43955	7080	20312	44436	14426	37046	62900	28380	23085	85046	65774	101035	79258	215415	238445	729678	115543	79326	17703	60962	26102	38119	0
LFQ	70	253	0	0	0	0	24765	6593	49829	15213	31	16644	9213	7717	4006	2747	19204	2289	12868	21780	12034	44219	6608	6516	30252	42809	37747	61575	28489	21339	83999	64170	98980	77063	211172	236133	763018	113379	74949	15389	55823	21802	34807	0
LFQ	71	322	0	0	0	0	25945	6236	51415	15512	26	17740	9076	7932	3641	2642	19914	2323	13451	21955	12931	44608	6360	6165	30707	43476	39050	60183	29102	19819	85114	63972	98110	76660	211028	236222	780565	111282	69520	13307	50266	18464	30383	0
LFQ	72	489	0	0	0	0	26441	5748	52543	15514	27	18702	8693	7971	3409	2493	20957	2322	14050	22566	13592	44968	6070	5755	31005	44199	40777	59888	29786	18436	86053	63829	99105	77323	211892	239066	790720	108327	64317	11506	45535	15293	26057	0
LFQ	73	654	0	0	0	0	27637	5215	54614	15647	28	19549	7989	8221	3017	2270	21691	2311	13962	22688	14120	45829	5871	5435	31678	45306	41803	58727	30439	17257	87366	63842	100382	77696	214353	241567	797758	105666	59277	9966	40772	12850	21971	0
LFQ	74	386	0	0	0	0	28526	4834	56039	15721	22	21162	7872	8386	2791	2161	22582	2340	14751	22970	15316	46432	5395	5135	32350	46730	43244	58498	31198	16195	89273	63443	100821	77943	214104	244502	802737	102654	54714	8432	36752	10699	18314	0
LFQ	75	1119	0	0	0	0	29488	4482	57480	16129	30	22150	7430	8451	2419	2149	23235	2374	15036	23040	15978	47062	5320	4994	32589	48351	44884	29882	59585	14873	90389	63420	102455	78834	215874	246895	805278	99241	50476	7165	32870	8932	15065	0
LFQ	76	1990	0	0	0	0	30539	3948	58657	16193	29	23283	6949	8737	2121	1982	23915	2458	15851	23626	16785	47895	5065	4728	32693	48698	45898	28512	61797	14047	92402	63478	102759	79203	217400	249893	806767	95886	46369	6061	29237	7156	12417	0
LFQ	77	1802	0	0	0	0	31631	3660	59753	16563	29	24565	7033	8726	1914	1895	25139	2446	16284	23838	17440	48514	4832	4478	33398	49813	47192	27004	63401	12971	93229	63570	104096	80421	219398	251396	806608	93130	42677	5034	25594	5940	10010	0
LFQ	78	100	0	0	0	0	32083	3183	60769	16549	28	25965	6898	8808	1802	1800	25769	2404	16666	24121	18344	49056	4579	4331	33629	51164	48279	25529	65283	12149	94451	63430	105251	80200	221193	255701	806946	90300	39154	4309	22384	4759	8058	0
LFQ	79	604	0	0	0	0	33100	2856	61741	16745	34	26113	6057	8934	1495	1620	26314	2511	17045	24446	18960	49658	4562	4109	34474	52208	49250	24532	66563	10964	96143	63540	106486	81177	221617	256913	808275	87698	35529	3619	19400	3674	6458	0
LFQ	80	978	0	0	0	0	34953	2690	63830	17012	36	27265	5381	9496	1337	1614	27342	2569	17044	24988	19698	50124	4428	4006	34813	52683	50774	23111	68351	10445	97951	63469	107209	81381	222845	258971	803813	84911	32483	2884	16605	2903	5031	0
LFQ	81	1394	0	0	0	0	35479	2457	64974	17214	43	27941	5034	9340	1154	1560	28034	2589	17792	24789	20712	50472	4114	3990	35352	53884	51733	21946	69126	9486	98167	63702	108021	82299	223751	261646	802636	82784	29301	2427	14253	2123	3705	0
LFQ	82	1432	0	0	0	0	36614	2199	66090	17804	31	28857	4778	9584	1026	1491	28376	2663	18076	25512	21105	51433	3926	3685	35964	54802	52842	20769	70800	8916	99793	64014	109621	82627	223915	263191	798310	80442	26421	1976	12033	1594	2712	0
LFQ	83	975	0	0	0	0	37708	1960	67394	18136	48	29918	4562	9779	871	1374	29456	2782	18387	25787	22190	51556	3783	3558	36031	55511	54343	19781	71937	8083	101265	63591	110479	82980	224595	265098	794540	78521	23509	1581	10206	1154	1995	0
LFQ	84	576	0	0	0	0	38592	1629	68672	18336	40	31299	4183	9935	838	1265	29909	2657	18906	26413	23093	51792	3689	3503	36754	56438	55522	18439	73367	7509	102689	63671	110755	83718	224386	268126	789911	76074	20802	1238	8392	853	1453	0
LFQ	85	566	0	0	0	0	39704	1572	70769	18536	43	31786	3821	10166	766	1229	30341	2720	19079	26438	23666	52680	3583	3590	36955	57315	56532	17586	74420	7024	104166	63448	112690	84689	225547	269019	783726	73573	18276	1016	6799	587	1001	0
LFQ	86	567	0	0	0	0	41022	1336	72820	19274	47	32940	3494	10277	631	1232	31796	2867	19878	27269	24941	53451	3552	3358	37816	58143	57952	16937	75650	6545	105380	63688	112931	85014	225508	270602	774417	70805	15882	713	5633	386	670	0
LFQ	87	21	0	0	0	0	41754	1156	72949	19613	37	35024	3299	10320	504	1160	32261	2833	20116	27373	25634	53662	3483	3284	38597	59936	58912	16400	77681	6046	106477	64739	114434	85988	225260	272268	765752	68866	14031	533	4354	238	429	0
LFQ	88	406	0	0	0	0	42725	1121	73844	19605	46	34731	2829	10608	428	1154	32756	3023	20195	27992	25871	53849	3383	3342	38783	60045	59752	15543	78566	5833	107432	64111	115235	86925	227150	273818	760732	67275	12234	435	3234	161	252	0
LFQ	89	262	0	0	0	0	44439	983	75575	20484	48	36056	2680	10830	385	1198	33520	2957	20860	28388	26880	54546	3370	3171	39397	61156	61402	14901	79782	5441	108642	65198	115633	86847	225864	273743	752629	64769	10411	293	2449	89	146	0
LFQ	90	1011	0	0	0	0	44591	803	76687	20912	48	36204	2421	10941	304	1142	33990	3132	21119	29033	27294	54682	3120	3321	39549	61560	61851	14075	80787	5019	109528	64989	116666	87679	225971	275462	746723	63557	9059	213	1857	42	82	0
LFQ	91	191	0	0	0	0	46096	704	78531	20960	55	37568	2192	10923	282	1100	35197	3120	21059	29250	27950	55507	3062	3158	40187	62424	62687	13475	81401	4746	110534	64757	117876	87560	226624	275755	739328	61839	7781	152	1327	25	41	0
LFQ	92	307	0	0	0	0	47271	648	79647	21066	47	37770	1963	11080	209	1049	35397	3072	21476	29341	28466	55567	3004	3185	40370	62947	63905	12748	82514	4327	111813	65450	118050	88614	226396	277495	732469	60283	6417	106	927	10	18	0
LFQ	93	386	0	0	0	0	47768	546	80871	21947	60	39095	1866	11431	155	1054	36058	3227	22331	29743	29235	55822	3002	3071	41080	64099	64842	12407	83335	4094	111949	65602	118581	89188	225496	277428	725012	58624	5367	64	582	0	6	0
LFQ	94	659	0	0	0	0	49416	491	82811	22372	47	39810	1725	11766	163	1018	36656	3251	22350	30251	29888	57266	2885	2984	41403	65033	65547	11960	84742	3962	113604	65826	119912	89727	224793	277832	713292	57098	4440	37	407	0	0	0
LFQ	95	320	0	0	0	0	50566	371	84563	22626	61	40374	1514	1002	10920	931	37352	3322	22828	30695	30533	57177	2934	3035	42007	65277	66096	11424	85867	3774	114445	66376	120221	90002	224623	279942	704825	55602	3569	29	221	0	0	0
LFQ	96	755	0	0	0	0	51224	342	85199	23371	49	41246	1415	952	11023	1021	37589	3362	22827	30979	31385	57507	2842	3100	41986	65965	67379	11028	86610	3518	115572	66327	121656	90691	224186	279924	696753	54528	2970	22	121	0	0	0
LFQ	97	106	0	0	0	0	52830	303	86826	23915	62	42798	1311	870	11336	944	38991	3336	23461	31706	32341	58615	2735	3005	43153	66757	69211	10493	87003	3332	116968	67219	121676	91236	222785	280132	684416	53023	2455	7	67	0	0	0
LFQ	98	381	0	0	0	0	54252	253	89773	24571	57	43972	1175	842	11505	929	39449	3487	23963	31908	32996	59527	2685	3007	43382	67639	70117	10166	88183	3190	118443	67267	122795	91830	221100	279894	673975	50671	2010	1	29	0	0	0
LFQ	99	250	0	0	0	0	54575	198	90151	24564	70	44297	1080	834	11491	917	40202	3527	24380	32179	33503	59248	2723	3091	43657	67986	70903	10028	89122	3137	118589	68043	124751	92711	221736	282214	663794	49895	1570	2	6	0	0	0
LFQ	100	94	0	0	0	0	63327	233	103695	27734	82	51087	1103	806	14459	855	44830	4508	27159	38691	39037	65047	2731	3782	48376	75277	82497	9381	98682	2833	131200	73676	135386	99509	216785	292339	542080	37143	999	0	1	0	0	0
# GC Content of first fragments. Use `grep ^GCF | cut -f 2-` to extract this part.
GCF	1.76	0
GCF	4.02	1
GCF	5.03	0
GCF	6.03	2
GCF	7.54	0
GCF	9.05	2
GCF	10.05	3
GCF	11.06	7
GCF	12.06	13
GCF	13.07	28
GCF	14.07	33
GCF	15.08	92
GCF	16.08	151
GCF	17.09	191
GCF	18.09	295
GCF	19.10	453
GCF	20.10	609
GCF	21.11	895
GCF	22.11	1091
GCF	23.12	1662
GCF	24.12	2122
GCF	25.13	2918
GCF	26.13	3726
GCF	27.14	4669
GCF	28.14	5405
GCF	29.15	6309
GCF	30.15	7484
GCF	31.16	8818
GCF	32.16	10286
GCF	33.17	12124
GCF	34.17	13777
GCF	35.18	15434
GCF	36.18	17696
GCF	37.19	20328
GCF	38.19	23000
GCF	39.20	26207
GCF	40.20	29948
GCF	41.21	34243
GCF	42.21	38643
GCF	43.22	44054
GCF	44.22	50267
GCF	45.23	57458
GCF	46.23	65819
GCF	47.24	75759
GCF	48.24	84747
GCF	49.25	95141
GCF	50.25	104735
GCF	51.26	113534
GCF	52.26	122255
GCF	53.27	127646
GCF	54.27	130458
GCF	55.28	129953
GCF	56.28	125491
GCF	57.29	118194
GCF	58.29	108304
GCF	59.30	97059
GCF	60.30	84022
GCF	61.31	71319
GCF	62.31	58550
GCF	63.32	46986
GCF	64.32	36275
GCF	65.33	26993
GCF	66.33	19961
GCF	67.34	14212
GCF	68.34	9948
GCF	69.35	7113
GCF	70.35	4791
GCF	71.36	3233
GCF	72.36	2077
GCF	73.37	1381
GCF	74.37	906
GCF	75.38	592
GCF	76.38	419
GCF	77.39	258
GCF	78.39	184
GCF	79.40	148
GCF	80.40	100
GCF	81.41	67
GCF	82.41	56
GCF	83.42	41
GCF	84.42	27
GCF	85.43	17
GCF	86.93	9
GCF	88.94	3
GCF	90.45	2
GCF	92.46	1
# GC Content of last fragments. Use `grep ^GCL | cut -f 2-` to extract this part.
GCL	0.25	3
GCL	1.01	1
GCL	2.01	5
GCL	3.02	6
GCL	4.02	11
GCL	5.03	9
GCL	6.53	13
GCL	8.04	20
GCL	9.05	16
GCL	10.05	20
GCL	11.06	15
GCL	12.06	31
GCL	13.07	46
GCL	14.07	62
GCL	15.08	103
GCL	16.08	151
GCL	17.09	217
GCL	18.09	263
GCL	19.10	450
GCL	20.10	599
GCL	21.11	876
GCL	22.11	1240
GCL	23.12	1633
GCL	24.12	2164
GCL	25.13	2804
GCL	26.13	3837
GCL	27.14	4584
GCL	28.14	5454
GCL	29.15	6306
GCL	30.15	7554
GCL	31.16	8896
GCL	32.16	10314
GCL	33.17	11941
GCL	34.17	13603
GCL	35.18	15679
GCL	36.18	17763
GCL	37.19	20052
GCL	38.19	22647
GCL	39.20	26171
GCL	40.20	29679
GCL	41.21	33524
GCL	42.21	38474
GCL	43.22	43555
GCL	44.22	49946
GCL	45.23	57120
GCL	46.23	65396
GCL	47.24	74468
GCL	48.24	84280
GCL	49.25	94338
GCL	50.25	103775
GCL	51.26	113158
GCL	52.26	120778
GCL	53.27	126967
GCL	54.27	129443
GCL	55.28	129420
GCL	56.28	125138
GCL	57.29	118072
GCL	58.29	108382
GCL	59.30	97519
GCL	60.30	85279
GCL	61.31	72214
GCL	62.31	60147
GCL	63.32	48197
GCL	64.32	37867
GCL	65.33	28752
GCL	66.33	21166
GCL	67.34	15301
GCL	68.34	10952
GCL	69.35	7855
GCL	70.35	5422
GCL	71.36	3869
GCL	72.36	2516
GCL	73.37	1742
GCL	74.37	1252
GCL	75.38	869
GCL	76.38	641
GCL	77.39	443
GCL	78.39	364
GCL	79.40	286
GCL	80.40	238
GCL	81.41	214
GCL	82.41	143
GCL	83.42	137
GCL	84.42	111
GCL	85.43	78
GCL	86.43	62
GCL	87.44	58
GCL	88.44	40
GCL	89.45	36
GCL	90.45	40
GCL	91.46	24
GCL	92.46	23
GCL	93.47	24
GCL	94.47	16
GCL	95.48	13
GCL	96.48	11
GCL	97.49	4
GCL	98.49	8
GCL	99.50	4
# ACGT content per cycle. Use `grep ^GCC | cut -f 2-` to extract this part. The columns are: cycle; A,C,G,T base counts as a percentage of all A/C/G/T bases [%]; and N and O counts as a percentage of all A/C/G/T bases [%]
GCC	1	23.74	26.08	26.35	23.83	0.10	0.00
GCC	2	24.41	25.43	25.64	24.52	0.04	0.00
GCC	3	24.13	25.70	25.97	24.20	0.03	0.00
GCC	4	23.89	25.93	26.18	24.01	0.04	0.00
GCC	5	24.13	25.65	25.94	24.28	0.04	0.00
GCC	6	23.82	26.00	26.24	23.93	0.01	0.00
GCC	7	24.09	25.71	25.96	24.24	0.00	0.00
GCC	8	24.32	25.49	25.72	24.48	0.01	0.00
GCC	9	24.20	25.60	25.86	24.34	0.00	0.00
GCC	10	24.32	25.51	25.73	24.43	0.00	0.00
GCC	11	24.39	25.42	25.68	24.51	0.00	0.00
GCC	12	24.22	25.60	25.82	24.36	0.01	0.00
GCC	13	24.32	25.49	25.71	24.48	0.01	0.00
GCC	14	24.41	25.35	25.62	24.61	0.02	0.00
GCC	15	24.26	25.56	25.77	24.41	0.01	0.00
GCC	16	24.28	25.55	25.76	24.42	0.01	0.00
GCC	17	24.32	25.48	25.75	24.46	0.01	0.00
GCC	18	24.11	25.69	25.93	24.28	0.02	0.00
GCC	19	24.11	25.68	25.93	24.28	0.01	0.00
GCC	20	24.20	25.61	25.87	24.32	0.01	0.00
GCC	21	23.95	25.86	26.06	24.13	0.03	0.00
GCC	22	24.01	25.82	26.00	24.17	0.01	0.00
GCC	23	24.12	25.70	25.92	24.26	0.01	0.00
GCC	24	23.93	25.86	26.12	24.09	0.01	0.00
GCC	25	23.96	25.88	26.09	24.08	0.00	0.00
GCC	26	24.07	25.72	26.01	24.20	0.00	0.00
GCC	27	23.90	25.94	26.13	24.03	0.01	0.00
GCC	28	23.95	25.87	26.11	24.07	0.01	0.00
GCC	29	24.02	25.80	26.03	24.16	0.00	0.00
GCC	30	23.84	25.96	26.21	23.99	0.00	0.00
GCC	31	23.91	25.91	26.15	24.03	0.01	0.00
GCC	32	24.02	25.81	26.06	24.11	0.01	0.00
GCC	33	23.82	26.00	26.20	23.98	0.02	0.00
GCC	34	23.88	25.94	26.16	24.02	0.02	0.00
GCC	35	23.93	25.85	26.11	24.11	0.00	0.00
GCC	36	23.83	26.01	26.20	23.96	0.02	0.00
GCC	37	23.83	25.96	26.22	24.00	0.03	0.00
GCC	38	23.97	25.86	26.09	24.08	0.02	0.00
GCC	39	23.79	26.06	26.23	23.91	0.03	0.00
GCC	40	23.79	26.00	26.25	23.96	0.01	0.00
GCC	41	23.92	25.90	26.14	24.04	0.01	0.00
GCC	42	23.78	26.03	26.30	23.89	0.01	0.00
GCC	43	23.81	26.01	26.23	23.95	0.01	0.00
GCC	44	23.88	25.93	26.15	24.04	0.01	0.00
GCC	45	23.74	26.03	26.31	23.92	0.00	0.00
GCC	46	23.79	26.03	26.25	23.93	0.01	0.00
GCC	47	23.91	25.93	26.17	24.00	0.01	0.00
GCC	48	23.74	26.08	26.30	23.88	0.01	0.00
GCC	49	23.82	26.00	26.25	23.92	0.00	0.00
GCC	50	23.89	25.95	26.13	24.03	0.01	0.00
GCC	51	23.77	26.06	26.31	23.86	0.00	0.00
GCC	52	23.76	26.04	26.30	23.90	0.00	0.00
GCC	53	23.89	25.91	26.18	24.01	0.01	0.00
GCC	54	23.70	26.14	26.32	23.85	0.01	0.00
GCC	55	23.77	26.08	26.29	23.86	0.01	0.00
GCC	56	23.88	25.98	26.17	23.98	0.02	0.00
GCC	57	23.70	26.10	26.35	23.85	0.01	0.00
GCC	58	23.75	26.12	26.27	23.86	0.01	0.00
GCC	59	23.87	26.00	26.12	24.00	0.01	0.00
GCC	60	23.73	26.11	26.28	23.88	0.00	0.00
GCC	61	23.78	26.03	26.28	23.92	0.00	0.00
GCC	62	23.86	25.96	26.16	24.01	0.00	0.00
GCC	63	23.74	26.09	26.30	23.87	0.00	0.00
GCC	64	23.75	26.06	26.25	23.93	0.01	0.00
GCC	65	23.86	25.94	26.20	24.00	0.00	0.00
GCC	66	23.74	26.06	26.33	23.86	0.01	0.00
GCC	67	23.77	26.06	26.27	23.90	0.00	0.00
GCC	68	23.86	25.94	26.21	23.99	0.01	0.00
GCC	69	23.74	26.09	26.31	23.87	0.01	0.00
GCC	70	23.81	26.03	26.27	23.89	0.01	0.00
GCC	71	23.88	25.96	26.13	24.03	0.01	0.00
GCC	72	23.71	26.08	26.36	23.86	0.01	0.00
GCC	73	23.74	26.05	26.32	23.89	0.02	0.00
GCC	74	23.87	25.95	26.16	24.02	0.01	0.00
GCC	75	23.72	26.10	26.31	23.86	0.03	0.00
GCC	76	23.75	26.09	26.26	23.90	0.04	0.00
GCC	77	23.86	25.96	26.19	23.99	0.04	0.00
GCC	78	23.71	26.15	26.34	23.80	0.00	0.00
GCC	79	23.71	26.09	26.30	23.90	0.01	0.00
GCC	80	23.87	25.99	26.17	23.97	0.02	0.00
GCC	81	23.70	26.11	26.32	23.87	0.03	0.00
GCC	82	23.73	26.07	26.30	23.89	0.03	0.00
GCC	83	23.87	25.97	26.18	23.98	0.03	0.00
GCC	84	23.71	26.11	26.34	23.84	0.02	0.00
GCC	85	23.73	26.09	26.31	23.86	0.02	0.00
GCC	86	23.84	25.98	26.23	23.95	0.01	0.00
GCC	87	23.65	26.18	26.37	23.80	0.00	0.00
GCC	88	23.73	26.09	26.33	23.84	0.01	0.00
GCC	89	23.84	26.03	26.22	23.91	0.01	0.00
GCC	90	23.66	26.18	26.39	23.77	0.02	0.00
GCC	91	23.72	26.12	26.37	23.79	0.01	0.00
GCC	92	23.79	26.03	26.24	23.93	0.01	0.00
GCC	93	23.65	26.20	26.37	23.78	0.02	0.00
GCC	94	23.68	26.13	26.37	23.82	0.02	0.00
GCC	95	23.77	26.04	26.26	23.93	0.02	0.00
GCC	96	23.62	26.17	26.43	23.78	0.02	0.00
GCC	97	23.64	26.17	26.39	23.80	0.01	0.00
GCC	98	23.75	26.07	26.26	23.91	0.01	0.00
GCC	99	23.61	26.19	26.43	23.77	0.01	0.00
GCC	100	23.56	26.25	26.47	23.71	0.00	0.00
# ACGT content per cycle for first fragments. Use `grep ^FBC | cut -f 2-` to extract this part. The columns are: cycle; A,C,G,T base counts as a percentage of all A/C/G/T bases [%]; and N and O counts as a percentage of all A/C/G/T bases [%]
FBC	1	23.77	26.10	26.27	23.86	0.06	0.00
FBC	2	24.49	25.40	25.56	24.55	0.00	0.00
FBC	3	24.31	25.52	25.76	24.41	0.00	0.00
FBC	4	24.14	25.67	25.91	24.28	0.00	0.00
FBC	5	24.24	25.55	25.87	24.34	0.00	0.00
FBC	6	23.92	25.88	26.14	24.05	0.00	0.00
FBC	7	24.16	25.64	25.86	24.33	0.00	0.00
FBC	8	24.34	25.44	25.69	24.52	0.00	0.00
FBC	9	24.21	25.55	25.86	24.38	0.00	0.00
FBC	10	24.37	25.48	25.70	24.45	0.00	0.00
FBC	11	24.45	25.37	25.65	24.53	0.00	0.00
FBC	12	24.23	25.58	25.80	24.39	0.00	0.00
FBC	13	24.30	25.49	25.72	24.48	0.00	0.00
FBC	14	24.40	25.36	25.61	24.63	0.00	0.00
FBC	15	24.24	25.57	25.77	24.41	0.00	0.00
FBC	16	24.29	25.52	25.76	24.42	0.00	0.00
FBC	17	24.29	25.52	25.74	24.45	0.00	0.00
FBC	18	24.11	25.70	25.92	24.27	0.00	0.00
FBC	19	24.11	25.66	25.95	24.29	0.00	0.00
FBC	20	24.21	25.60	25.86	24.33	0.00	0.00
FBC	21	23.95	25.87	26.04	24.14	0.00	0.00
FBC	22	24.00	25.80	26.00	24.19	0.00	0.00
FBC	23	24.13	25.72	25.91	24.23	0.00	0.00
FBC	24	23.95	25.87	26.11	24.08	0.00	0.00
FBC	25	23.98	25.88	26.07	24.08	0.00	0.00
FBC	26	24.08	25.68	26.03	24.21	0.00	0.00
FBC	27	23.93	25.91	26.13	24.02	0.01	0.00
FBC	28	23.96	25.84	26.10	24.10	0.00	0.00
FBC	29	24.03	25.77	26.05	24.14	0.00	0.00
FBC	30	23.84	25.98	26.19	23.99	0.00	0.00
FBC	31	23.91	25.89	26.14	24.06	0.00	0.00
FBC	32	24.01	25.83	26.04	24.12	0.00	0.00
FBC	33	23.78	26.03	26.16	24.03	0.00	0.00
FBC	34	23.88	25.90	26.16	24.05	0.01	0.00
FBC	35	23.94	25.83	26.10	24.14	0.00	0.00
FBC	36	23.87	26.00	26.15	23.98	0.00	0.00
FBC	37	23.83	25.95	26.19	24.03	0.01	0.00
FBC	38	24.02	25.81	26.08	24.09	0.00	0.00
FBC	39	23.82	26.01	26.23	23.94	0.00	0.00
FBC	40	23.82	25.97	26.21	24.00	0.00	0.00
FBC	41	23.94	25.87	26.12	24.06	0.00	0.00
FBC	42	23.79	26.03	26.27	23.91	0.00	0.00
FBC	43	23.79	26.02	26.23	23.96	0.00	0.00
FBC	44	23.87	25.96	26.11	24.07	0.00	0.00
FBC	45	23.78	25.97	26.27	23.98	0.00	0.00
FBC	46	23.82	25.99	26.20	24.00	0.00	0.00
FBC	47	23.90	25.92	26.12	24.05	0.00	0.00
FBC	48	23.78	26.04	26.28	23.90	0.00	0.00
FBC	49	23.85	25.97	26.21	23.97	0.00	0.00
FBC	50	23.90	25.96	26.08	24.06	0.00	0.00
FBC	51	23.81	26.01	26.27	23.91	0.00	0.00
FBC	52	23.76	26.01	26.29	23.94	0.00	0.00
FBC	53	23.93	25.86	26.14	24.06	0.00	0.00
FBC	54	23.74	26.09	26.29	23.88	0.00	0.00
FBC	55	23.76	26.05	26.27	23.93	0.00	0.00
FBC	56	23.89	25.94	26.13	24.04	0.00	0.00
FBC	57	23.77	26.03	26.32	23.88	0.01	0.00
FBC	58	23.76	26.09	26.24	23.91	0.00	0.00
FBC	59	23.89	25.96	26.12	24.04	0.00	0.00
FBC	60	23.75	26.08	26.27	23.91	0.00	0.00
FBC	61	23.81	25.98	26.24	23.97	0.01	0.00
FBC	62	23.89	25.93	26.11	24.07	0.01	0.00
FBC	63	23.78	26.06	26.28	23.88	0.00	0.00
FBC	64	23.80	26.02	26.23	23.96	0.00	0.00
FBC	65	23.90	25.87	26.17	24.06	0.00	0.00
FBC	66	23.76	26.04	26.30	23.90	0.00	0.00
FBC	67	23.77	26.00	26.25	23.97	0.00	0.00
FBC	68	23.91	25.85	26.21	24.03	0.01	0.00
FBC	69	23.74	26.10	26.27	23.89	0.01	0.00
FBC	70	23.82	26.02	26.25	23.91	0.00	0.00
FBC	71	23.92	25.91	26.12	24.06	0.00	0.00
FBC	72	23.70	26.07	26.39	23.84	0.00	0.00
FBC	73	23.77	26.04	26.28	23.91	0.00	0.00
FBC	74	23.89	25.89	26.17	24.05	0.00	0.00
FBC	75	23.74	26.06	26.29	23.90	0.00	0.00
FBC	76	23.75	26.04	26.22	23.99	0.00	0.00
FBC	77	23.91	25.90	26.15	24.03	0.00	0.00
FBC	78	23.73	26.11	26.30	23.87	0.00	0.00
FBC	79	23.71	26.05	26.28	23.96	0.00	0.00
FBC	80	23.88	25.96	26.15	24.01	0.00	0.00
FBC	81	23.76	26.07	26.29	23.88	0.01	0.00
FBC	82	23.76	26.04	26.28	23.92	0.00	0.00
FBC	83	23.89	25.91	26.19	24.01	0.02	0.00
FBC	84	23.75	26.03	26.35	23.87	0.01	0.00
FBC	85	23.75	26.04	26.29	23.93	0.01	0.00
FBC	86	23.89	25.91	26.19	24.01	0.00	0.00
FBC	87	23.67	26.14	26.33	23.85	0.00	0.00
FBC	88	23.77	26.02	26.29	23.91	0.01	0.00
FBC	89	23.91	25.98	26.16	23.94	0.01	0.00
FBC	90	23.66	26.11	26.39	23.83	0.00	0.00
FBC	91	23.75	26.07	26.31	23.88	0.01	0.00
FBC	92	23.82	25.96	26.22	24.00	0.01	0.00
FBC	93	23.67	26.17	26.33	23.83	0.02	0.00
FBC	94	23.72	26.06	26.35	23.87	0.00	0.00
FBC	95	23.81	25.99	26.21	23.99	0.02	0.00
FBC	96	23.63	26.14	26.42	23.81	0.01	0.00
FBC	97	23.67	26.12	26.36	23.84	0.02	0.00
FBC	98	23.81	26.02	26.19	23.98	0.00	0.00
FBC	99	23.63	26.13	26.37	23.87	0.00	0.00
FBC	100	23.60	26.17	26.43	23.79	0.00	0.00
# ACGT content per cycle for last fragments. Use `grep ^LBC | cut -f 2-` to extract this part. The columns are: cycle; A,C,G,T base counts as a percentage of all A/C/G/T bases [%]; and N and O counts as a percentage of all A/C/G/T bases [%]
LBC	1	23.71	26.05	26.44	23.80	0.13	0.00
LBC	2	24.33	25.47	25.72	24.49	0.08	0.00
LBC	3	23.95	25.89	26.18	23.99	0.07	0.00
LBC	4	23.64	26.18	26.45	23.73	0.09	0.00
LBC	5	24.01	25.76	26.01	24.22	0.09	0.00
LBC	6	23.72	26.12	26.35	23.82	0.01	0.00
LBC	7	24.03	25.78	26.05	24.14	0.00	0.00
LBC	8	24.29	25.53	25.75	24.43	0.02	0.00
LBC	9	24.18	25.65	25.87	24.31	0.01	0.00
LBC	10	24.27	25.55	25.76	24.42	0.01	0.00
LBC	11	24.32	25.48	25.71	24.50	0.00	0.00
LBC	12	24.22	25.62	25.84	24.32	0.02	0.00
LBC	13	24.34	25.48	25.71	24.47	0.02	0.00
LBC	14	24.42	25.35	25.63	24.60	0.03	0.00
LBC	15	24.28	25.55	25.77	24.40	0.02	0.00
LBC	16	24.27	25.57	25.75	24.41	0.02	0.00
LBC	17	24.35	25.43	25.75	24.48	0.02	0.00
LBC	18	24.10	25.67	25.94	24.29	0.03	0.00
LBC	19	24.12	25.70	25.91	24.27	0.02	0.00
LBC	20	24.19	25.62	25.88	24.31	0.02	0.00
LBC	21	23.95	25.85	26.07	24.13	0.05	0.00
LBC	22	24.02	25.84	26.00	24.14	0.02	0.00
LBC	23	24.11	25.67	25.93	24.29	0.03	0.00
LBC	24	23.92	25.84	26.13	24.11	0.02	0.00
LBC	25	23.94	25.88	26.11	24.08	0.01	0.00
LBC	26	24.06	25.76	25.99	24.19	0.01	0.00
LBC	27	23.87	25.96	26.13	24.04	0.01	0.00
LBC	28	23.93	25.90	26.12	24.05	0.01	0.00
LBC	29	24.01	25.82	26.00	24.17	0.00	0.00
LBC	30	23.84	25.94	26.24	23.98	0.00	0.00
LBC	31	23.91	25.94	26.15	24.00	0.02	0.00
LBC	32	24.03	25.79	26.08	24.10	0.01	0.00
LBC	33	23.85	25.97	26.24	23.94	0.04	0.00
LBC	34	23.87	25.98	26.16	23.99	0.04	0.00
LBC	35	23.91	25.88	26.13	24.07	0.01	0.00
LBC	36	23.80	26.03	26.24	23.93	0.05	0.00
LBC	37	23.82	25.97	26.25	23.96	0.04	0.00
LBC	38	23.92	25.92	26.09	24.06	0.05	0.00
LBC	39	23.77	26.11	26.22	23.89	0.06	0.00
LBC	40	23.76	26.03	26.28	23.93	0.02	0.00
LBC	41	23.89	25.94	26.16	24.01	0.02	0.00
LBC	42	23.78	26.03	26.33	23.87	0.02	0.00
LBC	43	23.84	25.99	26.24	23.93	0.01	0.00
LBC	44	23.90	25.91	26.19	24.00	0.01	0.00
LBC	45	23.70	26.10	26.36	23.85	0.01	0.00
LBC	46	23.75	26.08	26.30	23.86	0.02	0.00
LBC	47	23.92	25.93	26.21	23.94	0.01	0.00
LBC	48	23.69	26.12	26.33	23.86	0.02	0.00
LBC	49	23.80	26.03	26.30	23.87	0.00	0.00
LBC	50	23.87	25.95	26.18	24.00	0.01	0.00
LBC	51	23.74	26.11	26.35	23.80	0.00	0.00
LBC	52	23.76	26.07	26.31	23.86	0.00	0.00
LBC	53	23.86	25.96	26.22	23.97	0.01	0.00
LBC	54	23.66	26.19	26.34	23.81	0.01	0.00
LBC	55	23.77	26.12	26.31	23.80	0.02	0.00
LBC	56	23.86	26.02	26.21	23.92	0.04	0.00
LBC	57	23.63	26.16	26.39	23.82	0.02	0.00
LBC	58	23.74	26.15	26.29	23.82	0.01	0.00
LBC	59	23.85	26.05	26.13	23.97	0.01	0.00
LBC	60	23.72	26.13	26.30	23.85	0.00	0.00
LBC	61	23.74	26.08	26.32	23.87	0.00	0.00
LBC	62	23.83	26.00	26.21	23.96	0.00	0.00
LBC	63	23.70	26.12	26.32	23.86	0.01	0.00
LBC	64	23.71	26.11	26.28	23.90	0.01	0.00
LBC	65	23.82	26.01	26.23	23.94	0.01	0.00
LBC	66	23.72	26.09	26.37	23.82	0.01	0.00
LBC	67	23.76	26.11	26.30	23.83	0.00	0.00
LBC	68	23.82	26.02	26.22	23.94	0.01	0.00
LBC	69	23.73	26.08	26.35	23.84	0.00	0.00
LBC	70	23.79	26.04	26.30	23.87	0.01	0.00
LBC	71	23.84	26.01	26.15	24.00	0.01	0.00
LBC	72	23.72	26.08	26.33	23.87	0.02	0.00
LBC	73	23.71	26.07	26.35	23.87	0.03	0.00
LBC	74	23.85	26.01	26.15	23.98	0.02	0.00
LBC	75	23.70	26.15	26.34	23.82	0.05	0.00
LBC	76	23.75	26.13	26.29	23.82	0.09	0.00
LBC	77	23.80	26.02	26.23	23.95	0.08	0.00
LBC	78	23.70	26.19	26.39	23.73	0.00	0.00
LBC	79	23.71	26.13	26.32	23.84	0.03	0.00
LBC	80	23.85	26.03	26.19	23.93	0.04	0.00
LBC	81	23.65	26.14	26.35	23.85	0.06	0.00
LBC	82	23.71	26.11	26.33	23.86	0.06	0.00
LBC	83	23.84	26.04	26.17	23.95	0.04	0.00
LBC	84	23.68	26.19	26.33	23.81	0.02	0.00
LBC	85	23.72	26.15	26.34	23.79	0.02	0.00
LBC	86	23.79	26.04	26.28	23.88	0.02	0.00
LBC	87	23.62	26.22	26.41	23.75	0.00	0.00
LBC	88	23.69	26.16	26.37	23.77	0.02	0.00
LBC	89	23.76	26.09	26.29	23.87	0.01	0.00
LBC	90	23.65	26.24	26.40	23.72	0.04	0.00
LBC	91	23.70	26.16	26.43	23.71	0.01	0.00
LBC	92	23.77	26.10	26.26	23.87	0.01	0.00
LBC	93	23.63	26.23	26.41	23.73	0.02	0.00
LBC	94	23.65	26.20	26.39	23.76	0.03	0.00
LBC	95	23.73	26.09	26.31	23.87	0.01	0.00
LBC	96	23.60	26.20	26.43	23.76	0.03	0.00
LBC	97	23.61	26.21	26.42	23.76	0.00	0.00
LBC	98	23.69	26.13	26.33	23.85	0.02	0.00
LBC	99	23.58	26.25	26.49	23.67	0.01	0.00
LBC	100	23.51	26.34	26.51	23.63	0.00	0.00
# Insert sizes. Use `grep ^IS | cut -f 2-` to extract this part. The columns are: insert size, pairs total, inward oriented pairs, outward oriented pairs, other pairs
IS	0	0	0	0	0
IS	1	0	0	0	0
IS	2	0	0	0	0
IS	3	0	0	0	0
IS	4	0	0	0	0
IS	5	0	0	0	0
IS	6	0	0	0	0
IS	7	0	0	0	0
IS	8	1	0	1	0
IS	9	0	0	0	0
IS	10	0	0	0	0
IS	11	0	0	0	0
IS	12	1	0	1	0
IS	13	1	0	1	0
IS	14	0	0	0	0
IS	15	0	0	0	0
IS	16	0	0	0	0
IS	17	0	0	0	0
IS	18	0	0	0	0
IS	19	0	0	0	0
IS	20	0	0	0	0
IS	21	0	0	0	0
IS	22	0	0	0	0
IS	23	1	0	1	0
IS	24	0	0	0	0
IS	25	0	0	0	0
IS	26	0	0	0	0
IS	27	0	0	0	0
IS	28	1	0	1	0
IS	29	0	0	0	0
IS	30	0	0	0	0
IS	31	1	0	0	1
IS	32	0	0	0	0
IS	33	0	0	0	0
IS	34	2	1	0	1
IS	35	0	0	0	0
IS	36	0	0	0	0
IS	37	1	0	0	1
IS	38	0	0	0	0
IS	39	0	0	0	0
IS	40	0	0	0	0
IS	41	0	0	0	0
IS	42	1	0	0	1
IS	43	0	0	0	0
IS	44	0	0	0	0
IS	45	0	0	0	0
IS	46	0	0	0	0
IS	47	0	0	0	0
IS	48	1	1	0	0
IS	49	0	0	0	0
IS	50	0	0	0	0
IS	51	0	0	0	0
IS	52	3	0	3	0
IS	53	1	0	0	1
IS	54	0	0	0	0
IS	55	1	1	0	0
IS	56	0	0	0	0
IS	57	0	0	0	0
IS	58	1	0	1	0
IS	59	3	0	1	2
IS	60	2	0	2	0
IS	61	2	0	2	0
IS	62	1	0	0	1
IS	63	3	1	1	1
IS	64	2	1	1	0
IS	65	2	1	0	1
IS	66	1	0	1	0
IS	67	3	1	2	0
IS	68	4	1	2	1
IS	69	3	1	1	1
IS	70	3	2	0	1
IS	71	4	2	2	0
IS	72	3	0	1	2
IS	73	4	0	4	0
IS	74	5	3	1	1
IS	75	2	1	1	0
IS	76	6	1	4	1
IS	77	6	4	2	0
IS	78	5	4	1	0
IS	79	9	3	5	1
IS	80	13	6	7	0
IS	81	10	5	4	1
IS	82	15	6	9	0
IS	83	16	8	8	0
IS	84	12	8	4	0
IS	85	18	10	6	2
IS	86	16	6	10	0
IS	87	24	12	12	0
IS	88	39	16	23	0
IS	89	49	18	31	0
IS	90	50	19	31	0
IS	91	64	29	35	0
IS	92	87	42	45	0
IS	93	83	45	38	0
IS	94	107	45	62	0
IS	95	109	57	52	0
IS	96	122	52	70	0
IS	97	169	69	100	0
IS	98	204	87	117	0
IS	99	208	19	189	0
IS	100	306	155	151	0
IS	101	340	332	8	0
IS	102	379	379	0	0
IS	103	447	446	1	0
IS	104	510	510	0	0
IS	105	593	593	0	0
IS	106	647	647	0	0
IS	107	740	740	0	0
IS	108	900	900	0	0
IS	109	903	903	0	0
IS	110	1070	1070	0	0
IS	111	1128	1128	0	0
IS	112	1255	1254	0	1
IS	113	1347	1347	0	0
IS	114	1524	1524	0	0
IS	115	1590	1590	0	0
IS	116	1686	1685	1	0
IS	117	1889	1889	0	0
IS	118	2070	2069	0	1
IS	119	2195	2194	1	0
IS	120	2267	2267	0	0
IS	121	2474	2474	0	0
IS	122	2607	2607	0	0
IS	123	2774	2774	0	0
IS	124	2894	2894	0	0
IS	125	2981	2981	0	0
IS	126	3296	3296	0	0
IS	127	3339	3339	0	0
IS	128	3582	3581	1	0
IS	129	3653	3651	0	2
IS	130	3803	3803	0	0
IS	131	4018	4018	0	0
IS	132	4100	4100	0	0
IS	133	4288	4287	1	0
IS	134	4413	4413	0	0
IS	135	4684	4684	0	0
IS	136	4679	4678	1	0
IS	137	4906	4906	0	0
IS	138	5017	5017	0	0
IS	139	5117	5116	1	0
IS	140	5100	5100	0	0
IS	141	5640	5639	1	0
IS	142	5734	5734	0	0
IS	143	5811	5811	0	0
IS	144	5857	5856	0	1
IS	145	6018	6018	0	0
IS	146	6163	6163	0	0
IS	147	6229	6229	0	0
IS	148	6326	6326	0	0
IS	149	6528	6528	0	0
IS	150	6654	6654	0	0
IS	151	6750	6750	0	0
IS	152	6874	6874	0	0
IS	153	7010	7010	0	0
IS	154	7086	7086	0	0
IS	155	7234	7233	1	0
IS	156	7327	7327	0	0
IS	157	7409	7409	0	0
IS	158	7561	7561	0	0
IS	159	7691	7691	0	0
IS	160	7918	7918	0	0
IS	161	7861	7861	0	0
IS	162	7858	7858	0	0
IS	163	8141	8141	0	0
IS	164	8072	8072	0	0
IS	165	8251	8251	0	0
IS	166	8359	8358	1	0
IS	167	8364	8364	0	0
IS	168	8548	8548	0	0
IS	169	8664	8664	0	0
IS	170	8717	8717	0	0
IS	171	8850	8850	0	0
IS	172	8865	8865	0	0
IS	173	8872	8872	0	0
IS	174	9052	9052	0	0
IS	175	8911	8911	0	0
IS	176	8990	8990	0	0
IS	177	9415	9415	0	0
IS	178	9114	9114	0	0
IS	179	9368	9368	0	0
IS	180	9289	9289	0	0
IS	181	9562	9562	0	0
IS	182	9551	9550	1	0
IS	183	9432	9432	0	0
IS	184	9478	9477	1	0
IS	185	9692	9691	1	0
IS	186	9529	9528	0	1
IS	187	9742	9742	0	0
IS	188	9882	9882	0	0
IS	189	9751	9751	0	0
IS	190	9831	9830	1	0
IS	191	9904	9904	0	0
IS	192	9865	9865	0	0
IS	193	9785	9785	0	0
IS	194	9974	9973	1	0
IS	195	9991	9989	2	0
IS	196	9853	9852	1	0
IS	197	10091	10091	0	0
IS	198	10164	10163	1	0
IS	199	10096	10096	0	0
IS	200	10065	10065	0	0
IS	201	9918	9918	0	0
IS	202	10089	10089	0	0
IS	203	10061	10061	0	0
IS	204	10077	10077	0	0
IS	205	10129	10129	0	0
IS	206	10008	10008	0	0
IS	207	10125	10125	0	0
IS	208	10146	10146	0	0
IS	209	10085	10085	0	0
IS	210	10085	10085	0	0
IS	211	10267	10267	0	0
IS	212	10208	10208	0	0
IS	213	10124	10123	0	1
IS	214	10185	10185	0	0
IS	215	10028	10028	0	0
IS	216	9843	9843	0	0
IS	217	10129	10129	0	0
IS	218	9991	9991	0	0
IS	219	9995	9995	0	0
IS	220	10043	10043	0	0
IS	221	9847	9847	0	0
IS	222	10061	10061	0	0
IS	223	10117	10116	0	1
IS	224	10136	10135	0	1
IS	225	10007	10007	0	0
IS	226	9723	9723	0	0
IS	227	9892	9892	0	0
IS	228	9810	9810	0	0
IS	229	9846	9846	0	0
IS	230	9708	9708	0	0
IS	231	9960	9960	0	0
IS	232	9815	9815	0	0
IS	233	9910	9910	0	0
IS	234	9771	9770	0	1
IS	235	9846	9846	0	0
IS	236	9817	9817	0	0
IS	237	9838	9838	0	0
IS	238	9534	9534	0	0
IS	239	9661	9661	0	0
IS	240	9451	9451	0	0
IS	241	9532	9532	0	0
IS	242	9293	9293	0	0
IS	243	9524	9524	0	0
IS	244	9434	9434	0	0
IS	245	9539	9539	0	0
IS	246	9324	9324	0	0
IS	247	9191	9191	0	0
IS	248	9343	9343	0	0
IS	249	9194	9194	0	0
IS	250	9216	9216	0	0
IS	251	9232	9232	0	0
IS	252	9183	9183	0	0
IS	253	9011	9011	0	0
IS	254	9026	9026	0	0
IS	255	9071	9071	0	0
IS	256	8919	8919	0	0
IS	257	8850	8850	0	0
IS	258	8706	8706	0	0
IS	259	8837	8837	0	0
IS	260	8837	8837	0	0
IS	261	8711	8711	0	0
IS	262	8614	8614	0	0
IS	263	8578	8578	0	0
IS	264	8773	8773	0	0
IS	265	8465	8465	0	0
IS	266	8372	8372	0	0
IS	267	8459	8459	0	0
IS	268	8389	8389	0	0
IS	269	8405	8405	0	0
IS	270	8339	8339	0	0
IS	271	8252	8252	0	0
IS	272	8250	8250	0	0
IS	273	8303	8303	0	0
IS	274	8234	8231	3	0
IS	275	8046	8046	0	0
IS	276	7848	7848	0	0
IS	277	7897	7897	0	0
IS	278	7842	7842	0	0
IS	279	7778	7777	1	0
IS	280	7907	7907	0	0
IS	281	7746	7745	1	0
IS	282	7745	7745	0	0
IS	283	7555	7555	0	0
IS	284	7581	7581	0	0
IS	285	7632	7632	0	0
IS	286	7530	7530	0	0
IS	287	7488	7488	0	0
IS	288	7414	7413	1	0
IS	289	7494	7494	0	0
IS	290	7287	7287	0	0
IS	291	7308	7308	0	0
IS	292	7317	7317	0	0
IS	293	6914	6914	0	0
IS	294	7247	7247	0	0
IS	295	7067	7066	1	0
IS	296	7034	7034	0	0
IS	297	7113	7113	0	0
IS	298	6974	6974	0	0
IS	299	6828	6828	0	0
IS	300	6891	6891	0	0
IS	301	6719	6719	0	0
IS	302	6716	6716	0	0
IS	303	6762	6762	0	0
IS	304	6888	6888	0	0
IS	305	6606	6606	0	0
IS	306	6616	6615	1	0
IS	307	6682	6681	1	0
IS	308	6421	6421	0	0
IS	309	6225	6225	0	0
IS	310	6464	6464	0	0
IS	311	6422	6422	0	0
IS	312	6290	6290	0	0
IS	313	6420	6420	0	0
IS	314	6246	6246	0	0
IS	315	6310	6310	0	0
IS	316	6090	6090	0	0
IS	317	6071	6071	0	0
IS	318	6066	6066	0	0
IS	319	5953	5953	0	0
IS	320	6022	6022	0	0
IS	321	5934	5932	2	0
IS	322	5826	5826	0	0
IS	323	5995	5995	0	0
IS	324	5814	5814	0	0
IS	325	5760	5758	1	1
IS	326	5636	5635	0	1
IS	327	5764	5764	0	0
IS	328	5727	5726	1	0
IS	329	5628	5628	0	0
IS	330	5558	5557	1	0
IS	331	5616	5616	0	0
IS	332	5575	5574	1	0
IS	333	5478	5477	1	0
IS	334	5242	5242	0	0
IS	335	5404	5404	0	0
IS	336	5282	5282	0	0
IS	337	5338	5338	0	0
IS	338	5216	5214	2	0
IS	339	5198	5198	0	0
IS	340	5162	5162	0	0
IS	341	5089	5089	0	0
IS	342	5027	5027	0	0
IS	343	5027	5025	2	0
IS	344	4883	4882	0	1
IS	345	4911	4911	0	0
IS	346	4769	4769	0	0
IS	347	4912	4911	1	0
IS	348	4954	4954	0	0
IS	349	4752	4752	0	0
IS	350	4789	4789	0	0
IS	351	4751	4751	0	0
IS	352	4634	4634	0	0
IS	353	4559	4559	0	0
IS	354	4563	4562	1	0
IS	355	4525	4524	1	0
IS	356	4556	4556	0	0
IS	357	4617	4617	0	0
IS	358	4437	4436	0	1
IS	359	4374	4374	0	0
IS	360	4290	4290	0	0
IS	361	4372	4372	0	0
IS	362	4275	4275	0	0
IS	363	4325	4324	1	0
IS	364	4162	4162	0	0
IS	365	4235	4235	0	0
IS	366	4218	4218	0	0
IS	367	4101	4101	0	0
IS	368	4144	4144	0	0
IS	369	4009	4009	0	0
IS	370	4146	4146	0	0
IS	371	4008	4008	0	0
IS	372	3954	3953	1	0
IS	373	3885	3885	0	0
IS	374	3920	3920	0	0
IS	375	3913	3912	1	0
IS	376	3832	3832	0	0
IS	377	3850	3850	0	0
IS	378	3829	3829	0	0
IS	379	3670	3670	0	0
IS	380	3730	3730	0	0
IS	381	3701	3701	0	0
IS	382	3645	3645	0	0
IS	383	3525	3525	0	0
IS	384	3564	3564	0	0
IS	385	3654	3654	0	0
IS	386	3504	3504	0	0
IS	387	3480	3480	0	0
IS	388	3546	3546	0	0
IS	389	3473	3473	0	0
IS	390	3398	3398	0	0
IS	391	3351	3351	0	0
IS	392	3355	3355	0	0
IS	393	3310	3310	0	0
IS	394	3255	3255	0	0
IS	395	3297	3297	0	0
IS	396	3307	3307	0	0
IS	397	3223	3223	0	0
IS	398	3156	3156	0	0
IS	399	3145	3144	1	0
IS	400	3133	3133	0	0
IS	401	3121	3120	1	0
IS	402	3067	3067	0	0
IS	403	2958	2958	0	0
IS	404	2994	2994	0	0
IS	405	2874	2874	0	0
IS	406	3002	3002	0	0
IS	407	2951	2951	0	0
IS	408	2911	2911	0	0
IS	409	2918	2918	0	0
IS	410	2825	2825	0	0
IS	411	2812	2812	0	0
IS	412	2772	2772	0	0
IS	413	2769	2769	0	0
IS	414	2726	2725	1	0
IS	415	2765	2765	0	0
IS	416	2748	2748	0	0
IS	417	2672	2671	1	0
IS	418	2630	2630	0	0
IS	419	2717	2717	0	0
IS	420	2617	2617	0	0
IS	421	2593	2593	0	0
IS	422	2634	2634	0	0
IS	423	2585	2585	0	0
IS	424	2551	2551	0	0
IS	425	2543	2543	0	0
IS	426	2420	2420	0	0
IS	427	2435	2435	0	0
IS	428	2612	2612	0	0
IS	429	2469	2469	0	0
IS	430	2387	2387	0	0
IS	431	2365	2364	1	0
IS	432	2354	2354	0	0
IS	433	2292	2292	0	0
IS	434	2279	2279	0	0
IS	435	2289	2289	0	0
IS	436	2199	2199	0	0
IS	437	2254	2254	0	0
IS	438	2153	2153	0	0
IS	439	2135	2134	1	0
IS	440	2150	2150	0	0
IS	441	2183	2183	0	0
IS	442	2136	2136	0	0
IS	443	2107	2107	0	0
IS	444	2100	2100	0	0
IS	445	2100	2100	0	0
IS	446	1977	1977	0	0
IS	447	2005	2005	0	0
IS	448	2022	2022	0	0
IS	449	1931	1931	0	0
IS	450	1938	1938	0	0
IS	451	1990	1990	0	0
IS	452	1961	1961	0	0
IS	453	1903	1903	0	0
IS	454	1852	1852	0	0
IS	455	1801	1801	0	0
IS	456	1868	1868	0	0
IS	457	1870	1870	0	0
IS	458	1832	1832	0	0
IS	459	1845	1845	0	0
IS	460	1756	1756	0	0
IS	461	1740	1740	0	0
IS	462	1783	1783	0	0
IS	463	1788	1786	2	0
IS	464	1786	1784	2	0
IS	465	1724	1724	0	0
IS	466	1683	1683	0	0
IS	467	1668	1668	0	0
IS	468	1620	1620	0	0
IS	469	1686	1686	0	0
IS	470	1658	1658	0	0
IS	471	1569	1568	1	0
IS	472	1598	1598	0	0
IS	473	1622	1622	0	0
IS	474	1560	1560	0	0
IS	475	1499	1498	1	0
IS	476	1580	1580	0	0
IS	477	1511	1511	0	0
IS	478	1528	1527	0	1
IS	479	1453	1453	0	0
IS	480	1441	1441	0	0
IS	481	1404	1403	1	0
IS	482	1473	1473	0	0
IS	483	1398	1396	2	0
IS	484	1414	1414	0	0
IS	485	1380	1380	0	0
IS	486	1435	1435	0	0
IS	487	1382	1382	0	0
IS	488	1414	1413	1	0
IS	489	1421	1421	0	0
IS	490	1341	1341	0	0
IS	491	1339	1339	0	0
IS	492	1371	1371	0	0
IS	493	1266	1265	1	0
IS	494	1248	1246	2	0
IS	495	1266	1266	0	0
IS	496	1254	1254	0	0
IS	497	1256	1256	0	0
IS	498	1228	1228	0	0
IS	499	1192	1192	0	0
IS	500	1217	1217	0	0
IS	501	1207	1207	0	0
IS	502	1214	1213	1	0
IS	503	1161	1161	0	0
IS	504	1173	1173	0	0
IS	505	1122	1122	0	0
IS	506	1172	1172	0	0
IS	507	1135	1135	0	0
IS	508	1142	1141	1	0
IS	509	1117	1116	1	0
IS	510	1128	1128	0	0
IS	511	1060	1060	0	0
IS	512	1019	1019	0	0
IS	513	1062	1062	0	0
IS	514	1076	1075	1	0
IS	515	1066	1066	0	0
IS	516	1028	1028	0	0
IS	517	1062	1062	0	0
IS	518	992	992	0	0
IS	519	970	970	0	0
IS	520	999	999	0	0
IS	521	970	970	0	0
IS	522	987	987	0	0
IS	523	959	959	0	0
IS	524	954	954	0	0
IS	525	907	907	0	0
IS	526	899	899	0	0
IS	527	965	965	0	0
IS	528	922	922	0	0
IS	529	887	886	0	1
IS	530	935	935	0	0
IS	531	885	885	0	0
IS	532	840	840	0	0
IS	533	800	800	0	0
IS	534	823	823	0	0
IS	535	820	820	0	0
IS	536	795	795	0	0
IS	537	844	844	0	0
IS	538	849	849	0	0
IS	539	801	801	0	0
IS	540	823	823	0	0
IS	541	827	826	1	0
IS	542	793	793	0	0
IS	543	829	829	0	0
IS	544	814	814	0	0
IS	545	804	804	0	0
IS	546	804	804	0	0
IS	547	738	738	0	0
IS	548	720	720	0	0
IS	549	734	734	0	0
IS	550	755	755	0	0
IS	551	682	681	1	0
IS	552	701	701	0	0
IS	553	693	692	1	0
IS	554	706	706	0	0
IS	555	707	706	1	0
IS	556	676	675	1	0
IS	557	636	636	0	0
IS	558	674	674	0	0
IS	559	656	656	0	0
IS	560	673	673	0	0
IS	561	681	680	1	0
IS	562	597	597	0	0
IS	563	630	630	0	0
IS	564	627	627	0	0
IS	565	560	559	1	0
IS	566	609	609	0	0
IS	567	649	649	0	0
IS	568	637	637	0	0
IS	569	549	549	0	0
IS	570	584	583	1	0
IS	571	534	534	0	0
IS	572	562	562	0	0
IS	573	600	600	0	0
IS	574	525	525	0	0
IS	575	553	553	0	0
IS	576	534	534	0	0
IS	577	569	569	0	0
IS	578	538	538	0	0
IS	579	510	510	0	0
IS	580	474	474	0	0
IS	581	560	560	0	0
IS	582	546	546	0	0
IS	583	541	541	0	0
IS	584	444	444	0	0
IS	585	486	485	1	0
IS	586	524	524	0	0
IS	587	515	515	0	0
IS	588	505	504	1	0
IS	589	428	428	0	0
IS	590	464	464	0	0
IS	591	465	464	1	0
IS	592	470	470	0	0
IS	593	434	434	0	0
IS	594	468	468	0	0
IS	595	432	432	0	0
IS	596	447	447	0	0
IS	597	441	441	0	0
IS	598	380	380	0	0
IS	599	399	399	0	0
IS	600	401	401	0	0
IS	601	383	383	0	0
IS	602	375	375	0	0
IS	603	401	401	0	0
IS	604	357	357	0	0
IS	605	384	384	0	0
IS	606	385	385	0	0
IS	607	341	341	0	0
IS	608	363	363	0	0
IS	609	409	409	0	0
IS	610	398	398	0	0
IS	611	389	389	0	0
IS	612	368	368	0	0
IS	613	323	323	0	0
IS	614	361	361	0	0
IS	615	377	377	0	0
IS	616	311	311	0	0
IS	617	354	354	0	0
IS	618	336	336	0	0
IS	619	331	331	0	0
IS	620	345	345	0	0
IS	621	324	324	0	0
IS	622	320	320	0	0
IS	623	323	323	0	0
IS	624	277	277	0	0
# Read lengths. Use `grep ^RL | cut -f 2-` to extract this part. The columns are: read length, count
RL	100	4664668
# Read lengths - first fragments. Use `grep ^FRL | cut -f 2-` to extract this part. The columns are: read length, count
FRL	100	2329244
# Read lengths - last fragments. Use `grep ^LRL | cut -f 2-` to extract this part. The columns are: read length, count
LRL	100	2335424
# Indel distribution. Use `grep ^ID | cut -f 2-` to extract this part. The columns are: length, number of insertions, number of deletions
ID	1	100151	203435
ID	2	10085	12190
ID	3	3013	2055
ID	4	663	833
ID	5	626	262
ID	6	212	20
ID	7	264	33
ID	8	24	5
ID	9	88	27
ID	10	63	6
ID	11	5	17
ID	12	2	7
ID	13	1	4
ID	14	35	0
ID	15	12	7
ID	16	9	8
ID	17	13	17
ID	18	3	1
ID	19	10	13
ID	20	2	6
ID	21	2	6
ID	22	18	16
ID	23	7	11
ID	24	14	6
ID	25	17	18
ID	26	2	1
ID	27	1	1
ID	28	8	10
ID	29	15	15
ID	30	3	3
ID	31	3	5
ID	33	0	4
ID	35	1	0
ID	37	0	1
ID	42	0	14
ID	43	0	3
ID	48	0	1
ID	57	0	1
ID	59	0	2
# Indels per cycle. Use `grep ^IC | cut -f 2-` to extract this part. The columns are: cycle, number of insertions (fwd), .. (rev) , number of deletions (fwd), .. (rev)
IC	2	0	0	0	1
IC	3	0	0	799	806
IC	4	669	697	1175	1148
IC	5	672	667	1250	1285
IC	6	662	670	1166	1200
IC	7	618	661	1102	1146
IC	8	584	543	1223	1193
IC	9	563	560	1108	1213
IC	10	633	623	1245	1144
IC	11	591	624	1159	1182
IC	12	655	623	1160	1217
IC	13	609	605	1187	1180
IC	14	588	633	1231	1165
IC	15	607	638	1166	1225
IC	16	621	640	1216	1185
IC	17	657	630	1195	1196
IC	18	609	630	1250	1223
IC	19	622	609	1225	1237
IC	20	640	629	1244	1137
IC	21	617	599	1251	1140
IC	22	620	650	1226	1157
IC	23	604	628	1170	1164
IC	24	604	584	1170	1119
IC	25	591	631	1273	1186
IC	26	664	600	1185	1162
IC	27	656	599	1182	1237
IC	28	611	622	1214	1193
IC	29	662	620	1192	1194
IC	30	650	604	1206	1300
IC	31	640	596	1228	1224
IC	32	660	596	1223	1236
IC	33	613	622	1259	1222
IC	34	600	608	1219	1124
IC	35	635	619	1167	1259
IC	36	637	618	1197	1231
IC	37	659	650	1189	1221
IC	38	670	657	1251	1194
IC	39	636	642	1138	1206
IC	40	629	626	1168	1207
IC	41	724	598	1167	1233
IC	42	653	639	1203	1194
IC	43	630	615	1215	1131
IC	44	598	607	1206	1144
IC	45	616	626	1209	1179
IC	46	640	589	1190	1131
IC	47	588	610	1180	1133
IC	48	597	609	1119	1185
IC	49	607	581	1194	1204
IC	50	642	640	1144	1104
IC	51	615	598	1157	1150
IC	52	648	634	1175	1148
IC	53	646	586	1209	1130
IC	54	643	623	1127	1167
IC	55	642	616	1140	1216
IC	56	576	658	1202	1229
IC	57	639	642	1115	1203
IC	58	594	609	1177	1165
IC	59	610	608	1199	1150
IC	60	642	592	1161	1127
IC	61	621	613	1129	1143
IC	62	583	585	1123	1156
IC	63	640	597	1113	1088
IC	64	581	555	1101	1214
IC	65	604	592	1135	1191
IC	66	619	637	1167	1118
IC	67	590	645	1196	1135
IC	68	574	573	1113	1102
IC	69	665	627	1231	1147
IC	70	598	649	1129	1196
IC	71	619	631	1162	1162
IC	72	572	592	1134	1142
IC	73	582	605	1196	1166
IC	74	626	592	1139	1209
IC	75	636	621	1144	1109
IC	76	647	585	1182	1179
IC	77	612	633	1165	1088
IC	78	569	557	1114	1099
IC	79	616	616	1133	1082
IC	80	581	646	1138	1108
IC	81	564	587	1166	1130
IC	82	639	641	1248	1115
IC	83	577	615	1105	1112
IC	84	651	617	1128	1082
IC	85	593	601	1162	1074
IC	86	600	566	1128	1098
IC	87	589	594	1107	1063
IC	88	586	557	1108	1034
IC	89	603	560	1055	1094
IC	90	650	579	1073	1084
IC	91	548	509	1072	1017
IC	92	578	484	990	1040
IC	93	511	529	966	1019
IC	94	591	568	1057	1059
IC	95	602	574	1103	1128
IC	96	567	599	1067	1081
IC	97	646	670	743	698
# Coverage distribution. Use `grep ^COV | cut -f 2-` to extract this part.
COV	[1-1]	1	439901
COV	[2-2]	2	311307
COV	[3-3]	3	265347
COV	[4-4]	4	238774
COV	[5-5]	5	223289
COV	[6-6]	6	206857
COV	[7-7]	7	193837
COV	[8-8]	8	186163
COV	[9-9]	9	179180
COV	[10-10]	10	172685
COV	[11-11]	11	168470
COV	[12-12]	12	164592
COV	[13-13]	13	160856
COV	[14-14]	14	159946
COV	[15-15]	15	157445
COV	[16-16]	16	155957
COV	[17-17]	17	154262
COV	[18-18]	18	151772
COV	[19-19]	19	149915
COV	[20-20]	20	149251
COV	[21-21]	21	147992
COV	[22-22]	22	148323
COV	[23-23]	23	146705
COV	[24-24]	24	147219
COV	[25-25]	25	144446
COV	[26-26]	26	143471
COV	[27-27]	27	142398
COV	[28-28]	28	141154
COV	[29-29]	29	140352
COV	[30-30]	30	138643
COV	[31-31]	31	138538
COV	[32-32]	32	135981
COV	[33-33]	33	134079
COV	[34-34]	34	133802
COV	[35-35]	35	131831
COV	[36-36]	36	130688
COV	[37-37]	37	128731
COV	[38-38]	38	126084
COV	[39-39]	39	124316
COV	[40-40]	40	121551
COV	[41-41]	41	119191
COV	[42-42]	42	114650
COV	[43-43]	43	113119
COV	[44-44]	44	109401
COV	[45-45]	45	106476
COV	[46-46]	46	102971
COV	[47-47]	47	100569
COV	[48-48]	48	99062
COV	[49-49]	49	97124
COV	[50-50]	50	95060
COV	[51-51]	51	93339
COV	[52-52]	52	91004
COV	[53-53]	53	88760
COV	[54-54]	54	86894
COV	[55-55]	55	84782
COV	[56-56]	56	82897
COV	[57-57]	57	81438
COV	[58-58]	58	79886
COV	[59-59]	59	77718
COV	[60-60]	60	76153
COV	[61-61]	61	75492
COV	[62-62]	62	74567
COV	[63-63]	63	74195
COV	[64-64]	64	72414
COV	[65-65]	65	71083
COV	[66-66]	66	69454
COV	[67-67]	67	69662
COV	[68-68]	68	68590
COV	[69-69]	69	68798
COV	[70-70]	70	67697
COV	[71-71]	71	66843
COV	[72-72]	72	65620
COV	[73-73]	73	65026
COV	[74-74]	74	65032
COV	[75-75]	75	63703
COV	[76-76]	76	62620
COV	[77-77]	77	61674
COV	[78-78]	78	59472
COV	[79-79]	79	59019
COV	[80-80]	80	58010
COV	[81-81]	81	56685
COV	[82-82]	82	56414
COV	[83-83]	83	54974
COV	[84-84]	84	53416
COV	[85-85]	85	52271
COV	[86-86]	86	51494
COV	[87-87]	87	51180
COV	[88-88]	88	49806
COV	[89-89]	89	49568
COV	[90-90]	90	49085
COV	[91-91]	91	48755
COV	[92-92]	92	48264
COV	[93-93]	93	47792
COV	[94-94]	94	47482
COV	[95-95]	95	47311
COV	[96-96]	96	46827
COV	[97-97]	97	45847
COV	[98-98]	98	44855
COV	[99-99]	99	44218
COV	[100-100]	100	43275
COV	[101-101]	101	41327
COV	[102-102]	102	40306
COV	[103-103]	103	38524
COV	[104-104]	104	37018
COV	[105-105]	105	35152
COV	[106-106]	106	33667
COV	[107-107]	107	31604
COV	[108-108]	108	29669
COV	[109-109]	109	27953
COV	[110-110]	110	26200
COV	[111-111]	111	24455
COV	[112-112]	112	22907
COV	[113-113]	113	20738
COV	[114-114]	114	18719
COV	[115-115]	115	17248
COV	[116-116]	116	15389
COV	[117-117]	117	14161
COV	[118-118]	118	12488
COV	[119-119]	119	11338
COV	[120-120]	120	9970
COV	[121-121]	121	8832
COV	[122-122]	122	7713
COV	[123-123]	123	6861
COV	[124-124]	124	5744
COV	[125-125]	125	5100
COV	[126-126]	126	4404
COV	[127-127]	127	3928
COV	[128-128]	128	3340
COV	[129-129]	129	2742
COV	[130-130]	130	2354
COV	[131-131]	131	2027
COV	[132-132]	132	1681
COV	[133-133]	133	1431
COV	[134-134]	134	1212
COV	[135-135]	135	1039
COV	[136-136]	136	847
COV	[137-137]	137	693
COV	[138-138]	138	619
COV	[139-139]	139	515
COV	[140-140]	140	482
COV	[141-141]	141	392
COV	[142-142]	142	418
COV	[143-143]	143	349
COV	[144-144]	144	265
COV	[145-145]	145	262
COV	[146-146]	146	263
COV	[147-147]	147	190
COV	[148-148]	148	196
COV	[149-149]	149	186
COV	[150-150]	150	165
COV	[151-151]	151	158
COV	[152-152]	152	142
COV	[153-153]	153	155
COV	[154-154]	154	158
COV	[155-155]	155	146
COV	[156-156]	156	135
COV	[157-157]	157	119
COV	[158-158]	158	113
COV	[159-159]	159	120
COV	[160-160]	160	126
COV	[161-161]	161	121
COV	[162-162]	162	124
COV	[163-163]	163	102
COV	[164-164]	164	109
COV	[165-165]	165	97
COV	[166-166]	166	93
COV	[167-167]	167	95
COV	[168-168]	168	106
COV	[169-169]	169	82
COV	[170-170]	170	63
COV	[171-171]	171	55
COV	[172-172]	172	68
COV	[173-173]	173	50
COV	[174-174]	174	52
COV	[175-175]	175	68
COV	[176-176]	176	64
COV	[177-177]	177	67
COV	[178-178]	178	64
COV	[179-179]	179	54
COV	[180-180]	180	68
COV	[181-181]	181	51
COV	[182-182]	182	55
COV	[183-183]	183	65
COV	[184-184]	184	60
COV	[185-185]	185	56
COV	[186-186]	186	48
COV	[187-187]	187	49
COV	[188-188]	188	60
COV	[189-189]	189	52
COV	[190-190]	190	62
COV	[191-191]	191	47
COV	[192-192]	192	68
COV	[193-193]	193	44
COV	[194-194]	194	42
COV	[195-195]	195	52
COV	[196-196]	196	46
COV	[197-197]	197	52
COV	[198-198]	198	46
COV	[199-199]	199	56
COV	[200-200]	200	49
COV	[201-201]	201	52
COV	[202-202]	202	50
COV	[203-203]	203	50
COV	[204-204]	204	40
COV	[205-205]	205	33
COV	[206-206]	206	28
COV	[207-207]	207	37
COV	[208-208]	208	28
COV	[209-209]	209	28
COV	[210-210]	210	18
COV	[211-211]	211	31
COV	[212-212]	212	27
COV	[213-213]	213	18
COV	[214-214]	214	32
COV	[215-215]	215	20
COV	[216-216]	216	19
COV	[217-217]	217	11
COV	[218-218]	218	23
COV	[219-219]	219	18
COV	[220-220]	220	16
COV	[221-221]	221	13
COV	[222-222]	222	5
COV	[223-223]	223	15
COV	[224-224]	224	13
COV	[225-225]	225	15
COV	[226-226]	226	8
COV	[227-227]	227	15
COV	[228-228]	228	8
COV	[229-229]	229	9
COV	[230-230]	230	12
COV	[231-231]	231	14
COV	[232-232]	232	11
COV	[233-233]	233	12
COV	[234-234]	234	9
COV	[235-235]	235	10
COV	[236-236]	236	13
COV	[237-237]	237	11
COV	[238-238]	238	11
COV	[239-239]	239	13
COV	[240-240]	240	5
COV	[241-241]	241	5
COV	[242-242]	242	12
COV	[243-243]	243	12
COV	[244-244]	244	12
COV	[245-245]	245	5
COV	[246-246]	246	10
COV	[247-247]	247	5
COV	[248-248]	248	8
COV	[249-249]	249	7
COV	[251-251]	251	2
COV	[252-252]	252	1
COV	[253-253]	253	2
COV	[254-254]	254	1
COV	[256-256]	256	1
COV	[257-257]	257	1
COV	[258-258]	258	2
COV	[259-259]	259	1
COV	[260-260]	260	1
COV	[262-262]	262	1
COV	[264-264]	264	1
COV	[265-265]	265	1
COV	[266-266]	266	2
COV	[267-267]	267	1
COV	[268-268]	268	1
COV	[269-269]	269	6
COV	[271-271]	271	1
COV	[272-272]	272	2
COV	[273-273]	273	2
# GC-depth. Use `grep ^GCD | cut -f 2-` to extract this part. The columns are: GC%, unique sequence percentiles, 10th, 25th, 50th, 75th and 90th depth percentile
GCD	0.0	1.140	0.005	0.005	0.005	0.005	0.010
GCD	4.0	1.197	0.010	0.010	0.010	0.010	0.010
GCD	8.0	1.254	0.005	0.005	0.005	0.005	0.005
GCD	9.0	1.311	0.010	0.010	0.010	0.010	0.010
GCD	11.0	1.368	0.020	0.020	0.020	0.020	0.020
GCD	12.0	1.425	0.010	0.010	0.010	0.010	0.010
GCD	14.0	1.538	0.005	0.005	0.005	0.010	0.010
GCD	15.0	1.652	0.005	0.005	0.005	0.010	0.010
GCD	16.0	1.709	0.010	0.010	0.010	0.010	0.010
GCD	17.0	1.823	0.005	0.005	0.005	0.005	0.005
GCD	18.0	2.108	0.005	0.005	0.010	0.010	0.075
GCD	19.0	2.336	0.005	0.005	0.005	0.015	0.015
GCD	20.0	2.507	0.005	0.005	0.005	0.010	0.010
GCD	21.0	2.849	0.005	0.005	0.010	0.015	0.045
GCD	22.0	3.248	0.005	0.010	0.010	0.010	0.020
GCD	23.0	3.476	0.005	0.005	0.005	0.015	0.070
GCD	25.0	3.818	0.005	0.005	0.005	0.010	0.030
GCD	26.0	4.046	0.005	0.005	0.015	0.025	0.030
GCD	27.0	4.387	0.005	0.005	0.015	0.105	0.140
GCD	28.0	4.786	0.005	0.005	0.010	0.030	0.225
GCD	29.0	5.014	0.005	0.005	0.015	0.025	0.055
GCD	30.0	5.185	0.005	0.005	0.005	0.005	0.005
GCD	31.0	5.527	0.005	0.005	0.010	0.015	0.040
GCD	32.0	5.584	0.010	0.010	0.010	0.010	0.010
GCD	33.0	5.869	0.005	0.005	0.010	0.015	0.030
GCD	34.0	6.439	0.005	0.005	0.010	0.010	0.025
GCD	35.0	6.781	0.005	0.005	0.010	0.125	13.085
GCD	36.0	7.123	0.005	0.005	0.020	0.065	14.425
GCD	37.0	7.578	0.005	0.010	0.025	0.030	1.270
GCD	38.0	8.319	0.005	0.005	0.040	0.100	3.870
GCD	39.0	8.490	0.080	0.080	0.145	1.110	1.110
GCD	40.0	9.174	0.005	0.010	0.610	3.220	6.010
GCD	41.0	10.085	0.005	0.010	0.040	5.935	14.285
GCD	42.0	10.769	0.005	0.045	0.345	5.060	5.535
GCD	43.0	11.852	0.005	0.010	0.300	1.415	8.760
GCD	44.0	13.162	0.005	0.010	0.770	8.010	23.865
GCD	45.0	14.929	0.055	1.050	4.560	13.795	35.300
GCD	46.0	16.980	0.005	0.025	2.290	8.215	23.245
GCD	47.0	19.943	0.030	1.555	7.200	22.600	48.240
GCD	48.0	22.621	0.110	1.255	12.180	23.915	52.640
GCD	49.0	26.211	0.210	1.710	6.295	18.900	30.000
GCD	50.0	31.225	0.110	1.325	7.520	19.415	44.985
GCD	51.0	39.259	0.015	0.805	7.820	26.400	47.925
GCD	52.0	48.661	0.265	2.130	11.435	39.920	60.555
GCD	53.0	59.259	0.230	2.880	12.195	42.800	66.975
GCD	54.0	69.174	0.210	1.600	10.750	27.790	64.910
GCD	55.0	76.353	0.070	0.955	6.710	21.445	62.710
GCD	56.0	82.165	0.040	0.545	3.535	9.770	21.250
GCD	57.0	85.698	0.055	0.285	1.640	5.300	11.510
GCD	58.0	88.661	0.085	0.190	0.595	2.770	13.260
GCD	59.0	90.598	0.005	0.025	0.940	5.940	11.990
GCD	60.0	91.396	0.005	0.050	0.155	0.865	2.785
GCD	61.0	92.080	0.005	0.005	0.020	0.150	0.410
GCD	62.0	92.707	0.005	0.015	0.040	0.075	0.105
GCD	63.0	93.048	0.010	0.010	0.010	0.375	0.810
GCD	64.0	93.390	0.005	0.005	0.010	0.060	0.430
GCD	65.0	93.618	0.005	0.005	0.005	0.005	0.045
GCD	66.0	94.017	0.005	0.010	0.040	0.540	2.220
GCD	67.0	94.302	0.005	0.005	0.015	0.700	15.130
GCD	68.0	94.758	0.005	0.005	0.010	0.015	0.895
GCD	69.0	95.043	0.005	0.005	0.010	0.035	0.045
GCD	70.0	95.442	0.005	0.005	0.010	0.025	0.070
GCD	71.0	95.670	0.005	0.005	0.005	0.155	0.650
GCD	72.0	96.011	0.005	0.005	0.020	0.025	0.080
GCD	73.0	96.182	0.005	0.005	0.005	0.010	0.010
GCD	74.0	96.638	0.005	0.005	0.005	0.015	0.035
GCD	75.0	97.094	0.005	0.005	0.010	0.010	0.060
GCD	76.0	97.664	0.005	0.005	0.010	0.015	0.030
GCD	77.0	98.120	0.005	0.005	0.005	0.005	0.015
GCD	78.0	98.405	0.005	0.005	0.005	0.010	0.010
GCD	79.0	98.746	0.005	0.005	0.010	0.025	0.040
GCD	80.0	99.031	0.005	0.005	0.010	0.030	0.110
GCD	81.0	99.373	0.005	0.005	0.005	0.025	0.035
GCD	82.0	99.544	0.005	0.005	0.005	0.005	0.005
GCD	83.0	99.601	0.025	0.025	0.025	0.025	0.025
GCD	84.0	99.658	0.015	0.015	0.015	0.015	0.015
GCD	85.0	99.715	0.005	0.005	0.005	0.005	0.005
GCD	90.0	99.772	0.005	0.005	0.005	0.005	0.005
GCD	91.0	99.886	0.005	0.005	0.005	0.005	0.005
GCD	94.0	99.943	0.005	0.005	0.005	0.005	0.005
GCD	98.0	100.000	0.005	0.005	0.005	0.005	0.005
