# This file was produced by samtools stats (1.9+htslib-1.9) and can be plotted using plot-bamstats
# This file contains statistics for all reads.
# The command line was:  stats -c 1,1000,1 ERR495225_merged.bam
# CHK, Checksum	[2]Read Names	[3]Sequences	[4]Qualities
# CHK, CRC32 of reads which passed filtering followed by addition (32bit overflow)
CHK	0a1d1956	dbf0e04e	98dacc39
# Summary Numbers. Use `grep ^SN | cut -f 2-` to extract this part.
SN	raw total sequences:	4114516
SN	filtered sequences:	0
SN	sequences:	4114516
SN	is sorted:	1
SN	1st fragments:	2055291
SN	last fragments:	2059225
SN	reads mapped:	4044900
SN	reads mapped and paired:	4020696	# paired-end technology bit set + both mates mapped
SN	reads unmapped:	69616
SN	reads properly paired:	4009758	# proper-pair bit set
SN	reads paired:	4114516	# paired-end technology bit set
SN	reads duplicated:	0	# PCR or optical duplicate bit set
SN	reads MQ0:	1259349	# mapped and MQ=0
SN	reads QC failed:	0
SN	non-primary alignments:	0
SN	total length:	411451600	# ignores clipping
SN	total first fragment length:	205529100	# ignores clipping
SN	total last fragment length:	205922500	# ignores clipping
SN	bases mapped:	404490000	# ignores clipping
SN	bases mapped (cigar):	402600017	# more accurate
SN	bases trimmed:	0
SN	bases duplicated:	0
SN	mismatches:	1967909	# from NM fields
SN	error rate:	4.888000e-03	# mismatches / bases mapped (cigar)
SN	average length:	100
SN	average first fragment length:	100
SN	average last fragment length:	100
SN	maximum length:	100
SN	maximum first fragment length:	100
SN	maximum last fragment length:	100
SN	average quality:	33.8
SN	insert size average:	263.7
SN	insert size standard deviation:	95.8
SN	inward oriented pairs:	2004815
SN	outward oriented pairs:	1174
SN	pairs with other orientation:	172
SN	pairs on different chromosomes:	4246
SN	percentage of properly paired reads (%):	97.5
# First Fragment Qualities. Use `grep ^FFQ | cut -f 2-` to extract this part.
# Columns correspond to qualities and rows to cycles. First column is the cycle number.
FFQ	1	1312	0	0	0	0	0	0	0	0	0	6863	0	0	0	0	0	10010	0	0	228	0	0	1247	6864	0	10233	19619	29330	20695	0	118983	682471	0	160831	986605	0	0	0	0	0	0	0	0
FFQ	2	22	0	0	0	0	0	0	0	0	0	3071	0	0	0	0	0	12406	0	0	844	0	0	2309	6085	0	8854	18364	33666	17855	0	101794	611600	0	85046	1153375	0	0	0	0	0	0	0	0
FFQ	3	5	0	0	0	0	0	0	0	0	0	4424	0	0	0	0	0	9321	0	0	291	0	0	3001	6029	0	9952	18900	36275	20250	0	101135	590555	0	75413	1179740	0	0	0	0	0	0	0	0
FFQ	4	2	0	0	0	0	0	0	0	0	0	3536	0	0	0	0	0	3216	0	0	5493	0	0	2496	0	0	5528	9641	750	15107	349	24318	699	37195	59341	0	457671	0	1429949	0	0	0	0	0
FFQ	5	44	0	0	0	0	0	0	0	0	0	3362	0	0	0	0	0	4371	0	0	4943	0	0	3307	0	0	7439	12101	910	16572	353	29264	830	40037	63087	0	459509	0	1409162	0	0	0	0	0
FFQ	6	0	0	0	0	0	0	0	0	1011	0	1843	514	0	0	0	1129	1670	3069	1412	1364	0	990	308	4306	1	9361	8571	3137	9158	6250	27473	11148	47949	46255	0	434929	27322	1406121	0	0	0	0	0
FFQ	7	65	0	0	0	0	0	2	0	1038	0	2102	561	0	0	2	1159	1894	3098	1515	1356	0	1010	312	4506	3	9605	8827	4148	8490	6163	28332	11462	48673	46682	1	434094	27673	1402518	0	0	0	0	0
FFQ	8	0	0	0	0	0	2	3	0	1392	0	2609	690	3	0	0	1314	2011	3365	1457	1385	1	1035	307	4744	0	9691	8800	5839	7132	6147	28540	11845	48837	46898	2	433390	27939	1399913	0	0	0	0	0
FFQ	9	0	0	0	0	0	1	2	5	1449	0	2615	738	2	1	0	1516	1985	3505	1662	1348	7	1103	317	4631	6	10146	3573	13014	5875	6467	28901	8571	43024	32076	25627	138023	109	246513	142680	1329799	0	0	0
FFQ	10	0	0	0	0	0	4	6	3	1385	1	2396	591	7	3	3	1446	2032	3375	1668	1488	7	1133	394	4789	8	10257	3695	14607	4303	6367	29470	8778	43186	32067	25891	138384	113	247789	145761	1323884	0	0	0
FFQ	11	0	0	0	0	0	2	17	6	1369	5	2276	564	12	4	4	1442	2032	3294	1681	1474	15	1186	351	4887	48	10680	3737	16477	2712	6459	30111	8628	43926	32875	26631	140908	102	251429	146971	1312976	0	0	0
FFQ	12	0	0	0	0	0	4	17	12	1711	21	2981	819	17	6	12	1594	2195	3424	1747	1486	19	1199	416	5181	115	10735	3768	17699	1600	6644	31176	8413	44310	33535	26568	142191	114	253753	149726	1302083	0	0	0
FFQ	13	101	0	0	0	0	3	18	17	1422	39	2393	598	22	10	10	1578	2189	3303	1764	1543	33	1365	390	5229	207	10712	3934	18179	1460	6657	31703	8186	45181	33937	26693	143551	115	254533	151598	1296618	0	0	0
FFQ	14	0	0	0	0	0	4	36	30	1596	69	2527	667	19	10	28	319	3000	3531	1922	1662	41	1401	453	3247	2448	10895	4059	17989	1498	6649	14982	24120	28133	40690	29323	26897	90075	74175	211098	140743	423501	887454	0
FFQ	15	3	0	0	0	0	3	44	31	1606	103	2504	658	36	13	36	420	3086	3516	1844	1574	51	1493	481	3412	2702	10947	4206	17927	1591	6850	15762	24658	28679	41231	29311	27830	90630	74542	213397	140797	424743	878574	0
FFQ	16	0	0	0	0	0	4	65	46	1578	152	2466	582	44	26	42	519	3207	3235	1874	1694	60	1605	505	3597	3044	11256	4347	17687	1497	7187	16680	24432	28462	42211	29237	29074	90636	75324	215562	141486	426931	868937	0
FFQ	17	0	0	0	0	0	4	80	59	1778	205	2578	660	63	26	59	685	3324	3167	1995	1726	104	1734	550	3796	3429	11313	4542	17779	1657	7192	17571	24900	28518	43001	29701	30813	90186	75469	217572	142692	429778	856585	0
FFQ	18	0	0	0	0	0	9	109	84	2097	336	2837	704	76	44	87	858	3302	3369	2025	1866	131	2020	557	3957	3820	11331	4484	17641	1732	7340	18657	25303	28340	43559	29563	32633	89899	76904	219954	143808	430233	845622	0
FFQ	19	56	0	0	0	0	10	136	97	2258	430	2558	610	97	54	107	1119	3322	917	4759	1965	147	2190	697	4180	4464	11313	4869	17501	1877	7556	20038	25558	28397	30460	44641	34867	78900	80839	198574	167425	435737	836566	0
FFQ	20	52	0	0	0	0	14	164	133	2092	511	2336	492	137	83	114	1296	3303	1026	4238	1891	188	2413	716	4456	4821	11544	5131	16802	2029	7641	21635	25872	27866	30991	44864	36752	78844	82900	201256	169653	436686	824349	0
FFQ	21	0	0	0	0	0	16	220	175	2353	720	2246	454	168	103	147	1643	3434	1142	4054	2001	237	2668	800	4649	5392	11410	5433	16935	2109	8025	22943	25951	27365	32174	44744	39437	79075	83442	204932	170598	437105	810991	0
FFQ	22	0	0	0	0	0	12	293	228	2707	905	2372	471	180	133	214	1961	3595	1176	3714	2165	280	2966	983	4878	6193	11778	5676	16417	2328	8164	24787	27073	27059	33540	44238	42743	78656	83777	210029	171379	436299	795922	0
FFQ	23	0	0	0	0	0	21	356	293	3043	1181	2275	453	244	171	255	2313	3781	1232	3547	2170	389	3443	1087	4989	6591	11744	5873	16064	2591	8313	26397	27902	26570	35234	44095	45616	78040	84524	213474	171897	437239	781884	0
FFQ	24	34	0	0	0	0	22	439	389	2995	1324	1899	365	279	213	326	2735	3709	1284	3299	2237	423	3798	1236	4991	7033	11725	6262	15652	2888	8507	28181	28022	25751	36103	43534	49451	78151	86089	217756	166761	435452	775976	0
FFQ	25	0	0	0	0	0	43	559	441	3306	1568	1768	349	360	267	414	3099	3817	1247	3133	2375	523	4197	1366	5268	7873	11994	6751	15300	3201	8819	29747	28790	25977	38216	44326	52852	77649	86586	221999	165765	437156	758190	0
FFQ	26	47	0	0	0	0	89	865	793	4892	2682	2163	400	435	362	522	3558	4057	1342	3180	2481	621	4664	1501	5350	8229	11828	7263	14920	3632	9169	30347	29450	25143	39917	43679	56853	77077	88655	225075	165236	440294	738520	0
FFQ	27	134	0	0	0	0	114	1069	1048	5639	3330	2016	388	623	503	650	4345	4314	1404	3223	2758	781	5164	1872	5706	8797	12462	7750	14844	4178	9564	32354	30208	25388	41682	43459	60763	76894	89430	227695	164614	442951	717177	0
FFQ	28	69	0	0	0	0	144	1278	1190	5423	3377	1592	391	727	644	717	4964	4454	1377	2992	2750	1054	5726	2084	5929	9440	12499	8426	14417	4759	9592	33944	31280	25523	43720	43699	65513	76583	92325	231083	163676	443779	698151	0
FFQ	29	0	0	0	0	0	194	1530	1448	5717	3758	1311	388	887	737	876	5333	4109	1282	2934	2870	1231	6169	2412	5934	9571	12106	9091	14183	5418	10149	34769	32561	25598	46372	44130	69849	76110	94687	234064	164331	443855	679327	0
FFQ	30	3	0	0	0	0	222	1768	1774	5838	3864	1057	408	978	878	1125	5436	3794	1107	3012	2989	1515	5852	2631	7112	9927	11967	9656	13952	5998	10450	34952	33611	26070	48425	43493	74020	76191	96895	235794	165854	445164	661509	0
FFQ	31	21	0	0	0	0	255	2084	2043	5986	4116	805	414	1113	1018	1331	5641	3642	1085	3180	3075	1686	6438	3082	7313	10207	11737	10597	13896	6795	11004	34996	34651	26581	50713	43970	77838	77117	98700	236871	166604	444338	644348	0
FFQ	32	19	0	0	0	0	339	2412	2472	6257	4342	630	521	1289	1207	1488	5853	3487	1103	3338	3415	2049	6881	3488	7544	10432	11481	11796	14033	7882	11737	35588	36198	27955	54281	45046	82343	78128	100894	238912	167458	438966	624027	0
FFQ	33	18	0	0	0	0	371	2729	2825	6303	4462	501	566	1548	1368	1696	6062	3254	1023	3506	3567	2414	7308	3912	8130	10782	11192	12718	14025	8923	12327	35954	37315	28522	57127	46301	86653	78910	103902	239461	169234	436090	604292	0
FFQ	34	131	0	0	0	0	464	3109	3187	6325	4744	355	708	1736	1620	1949	6266	3093	1019	3656	3801	2774	8112	4408	8846	11254	10704	14158	14506	10343	13022	36226	39197	30183	60499	48203	91534	81282	107361	239918	171398	429285	579915	0
FFQ	35	0	0	0	0	0	520	3577	3681	6419	4901	295	808	1895	1899	2298	6322	2851	1063	4045	3984	3108	8118	5030	9056	11726	10403	15827	14900	11876	14030	36488	41311	32078	63997	50232	97209	83316	111435	239883	173919	420659	556132	0
FFQ	36	1	0	0	0	0	665	4009	4149	6597	4784	233	962	2151	2080	2558	6283	2610	1226	4348	4243	3682	8474	5500	9767	12128	9860	17167	14802	13211	14812	36310	42739	33707	67343	53027	102447	86141	114636	239604	177563	413953	531519	0
FFQ	37	162	0	0	0	0	737	4388	4514	6473	4670	250	1062	2368	2285	2743	6162	2549	1245	4706	4293	4237	9266	5760	10249	12500	9427	18568	15445	14632	15729	36005	43700	35542	70011	55821	108783	88983	118430	236995	180304	406300	509997	0
FFQ	38	19	0	0	0	0	896	4912	5096	6637	4623	293	1200	2608	2537	3045	6144	2350	1428	4948	4558	4549	9579	6316	10739	12336	8860	19942	15843	15822	17412	35070	45371	36932	73581	59430	114394	92742	121776	234393	182670	398797	487443	0
FFQ	39	1	0	0	0	0	1025	5222	5551	6538	4352	330	1318	2857	2842	3228	5807	2203	1563	5442	4616	5124	7961	6493	13675	12391	8237	21206	15455	17639	17852	35117	46885	38921	76257	63062	122023	96178	124779	228008	187447	388974	468712	0
FFQ	40	6	0	0	0	0	1156	5713	6010	6698	4103	393	1542	3050	3022	3483	5711	2115	1678	5871	4701	5662	8217	7173	14650	12800	8109	22808	16149	18856	19357	35592	48730	41441	79158	67420	130412	99840	128204	223437	188222	375336	448466	0
FFQ	41	0	0	0	0	0	1335	6084	6431	7060	3669	424	1841	3181	3256	3823	5627	2069	1885	6483	4918	6164	8477	7756	15989	13054	7745	24510	16308	20779	20611	35467	50923	43814	83632	71968	139288	104010	131995	219140	189458	361572	424545	0
FFQ	42	0	0	0	0	0	1552	6518	7036	7153	3589	510	2045	3360	3589	4010	5463	1963	1954	7259	5016	6932	8834	8340	16571	13243	7630	26116	16793	22343	22164	36107	52889	45351	86927	78039	148838	108603	134990	213915	190882	347718	401049	0
FFQ	43	0	0	0	0	0	1752	6770	7644	7397	3276	588	2328	3530	3781	4384	5436	2082	2036	8063	5143	7628	9183	8912	17802	13443	7297	27927	17036	23956	23803	36647	54530	47981	92140	83555	158897	113241	138107	207756	191213	332309	377718	0
FFQ	44	0	0	0	0	0	2016	7376	8217	7706	3070	761	2485	3849	4120	4527	5467	2114	2319	8773	5254	8293	9754	9532	18952	13959	7288	29774	17592	25584	25917	37407	56974	49785	96330	90004	170592	117952	140735	200012	191442	317223	352136	0
FFQ	45	0	0	0	0	0	1680	5617	6681	6534	2227	817	2505	3247	3949	3419	4154	1124	2037	6562	3951	11024	5762	8763	17229	12364	7968	27108	14782	24737	23490	36107	53674	47426	94487	90209	196746	114607	147996	173034	217968	305662	369644	0
FFQ	46	0	0	0	0	0	1879	5729	7139	6404	1987	804	2522	3319	3815	3398	3831	1115	2141	6608	3980	11049	5643	8371	17453	11799	7476	26732	14747	23462	24192	34386	52208	46489	94697	92106	223627	117282	151990	161591	210102	289972	375246	0
FFQ	47	30	0	0	0	0	2140	5997	7570	6426	1787	806	2651	3296	3956	3469	3749	1119	2369	7021	3951	11761	5618	8732	18600	11750	7670	27562	14767	23803	25157	34292	53066	46801	96551	96625	247283	121108	155346	151533	202823	270596	367510	0
FFQ	48	0	0	0	0	0	2263	5938	8290	6545	1573	965	2826	3416	3975	3551	3671	1181	2392	7594	3780	12535	5654	8758	19558	11877	7785	28704	14851	24488	26069	34695	53922	47852	100103	101452	271081	124057	159041	142815	199967	251988	350079	0
FFQ	49	0	0	0	0	0	2583	5946	8731	6659	1422	1081	2984	3423	4113	3696	3687	1100	2623	8062	3715	13474	5662	9210	16641	14831	6770	29352	17802	25228	27659	36227	55706	49275	104647	107660	294163	128023	161649	129098	200825	234674	326890	0
FFQ	50	0	0	0	0	0	2863	6114	9532	6953	1241	1205	3301	3566	4156	3711	3897	1199	2737	8791	3566	14616	5966	9583	17466	15214	7071	30715	18416	25471	29610	37594	57805	50427	109875	114611	316261	131714	163209	121477	195662	218198	301498	0
FFQ	51	0	0	0	0	0	3070	6279	10227	7120	1161	1452	3591	3638	4311	3741	3954	1160	2975	9312	3411	15654	5802	9904	18203	16080	7288	31256	19173	25598	30849	39036	59577	52001	115090	121597	340186	134432	163576	114505	191793	201241	277048	0
FFQ	52	77	0	0	0	0	3488	6455	10746	6905	951	1590	3872	3944	4359	3713	4267	1227	3211	10133	3436	16757	5854	10111	19159	16619	7477	31524	19995	26095	32631	40889	61755	53475	121219	128279	364199	137293	162630	107609	185300	185619	252428	0
FFQ	53	0	0	0	0	0	3803	6165	11344	7037	821	1855	4022	3955	4270	3661	4574	1210	3327	10625	3036	18510	5772	10406	19969	17250	7934	32557	20781	26479	34292	42397	63541	54461	126432	135967	388971	139299	161966	100377	178239	170745	229241	0
FFQ	54	0	0	0	0	0	4249	6199	12002	6926	669	1971	4248	4018	4098	3638	4805	1247	3606	11436	2839	19458	5937	10829	20816	18277	8048	33095	21918	26077	35181	43761	65505	56676	132526	142493	413998	140616	159584	93090	171352	155911	208192	0
FFQ	55	27	0	0	0	0	4641	6209	12936	7148	568	2265	4467	3558	4046	4307	5076	1067	3970	11855	2733	19902	7056	11002	21822	11893	15915	33471	22558	26001	36677	45382	68010	57631	138637	150442	438179	140774	155073	87614	163312	141820	187247	0
FFQ	56	6	0	0	0	0	5101	6314	13728	7428	482	2589	4667	3547	4054	4408	5623	1081	4297	12641	2501	21378	7247	11069	22613	12005	16957	34246	23689	25740	38300	47175	70257	58252	144326	156741	461466	140885	151911	80151	155258	129006	168152	0
FFQ	57	201	0	0	0	0	5668	6066	14441	7301	404	2881	4873	3711	3946	4485	6036	1066	4521	13541	2342	22706	7294	11455	23728	12442	17991	34089	24722	25133	39665	49108	72121	60309	149805	163974	484553	140341	147895	73564	145999	115945	150969	0
FFQ	58	0	0	0	0	0	6079	6022	15460	7558	342	3111	4982	3704	3840	4425	6601	1089	4848	14135	2094	24185	7347	11866	24919	12802	19097	34231	25964	24888	41477	50022	74215	60995	156556	170655	507806	138961	142877	67079	135908	104498	134653	0
FFQ	59	0	0	0	0	0	6917	6672	18490	8548	366	3564	5412	4005	4040	3339	7243	1042	5064	16408	2061	21749	5613	18687	17801	10330	18358	48213	27392	24413	42423	51801	76739	62121	160709	177753	525341	136603	136178	61082	127156	92970	118688	0
FFQ	60	22	0	0	0	0	6616	5145	16395	7255	167	4086	5410	3866	3925	2876	7306	964	5001	15831	1568	21835	5115	18984	17119	9873	18269	46823	27440	23220	42015	51242	77213	62341	163380	179754	563275	137185	133294	51635	125723	81717	111406	0
FFQ	61	117	0	0	0	0	7228	5127	16749	7068	129	4426	5035	3847	3423	2710	7659	931	5252	16387	1470	22249	4750	19220	17234	9822	19293	46801	28481	22010	42707	51238	77290	61675	164728	182718	596089	135278	128660	46229	115975	71771	103515	0
FFQ	62	120	0	0	0	0	7763	4947	17529	7043	107	4547	5025	3993	3232	2598	8251	925	5359	17250	1270	23120	4645	19801	17343	9639	19932	46844	29814	21078	43129	50984	77766	61793	166875	186703	624742	133311	122807	40860	106916	63598	93632	0
FFQ	63	15	0	0	0	0	8176	4832	18875	7079	86	4948	5157	3986	3004	2435	8946	876	5575	18236	1180	24445	4573	20588	17783	9488	21435	47151	30660	19911	43733	51577	79462	62892	169961	192082	644886	130660	116280	36564	98395	55798	83561	0
FFQ	64	15	0	0	0	0	8725	4595	19490	7273	67	5457	5074	4223	2820	2363	9562	807	6153	18789	1052	25166	4319	21571	17995	9750	22252	47742	32239	19259	45022	52878	81132	63617	173976	196721	663430	127183	109422	32477	89589	49160	73926	0
FFQ	65	0	0	0	0	0	9311	4380	20426	7108	51	5904	4959	4340	2676	2264	9423	1492	6188	13231	7332	26019	4098	14497	26506	9948	23336	45138	19881	17813	62278	53163	82927	64073	178692	200439	680761	124898	102729	28792	82176	43027	65015	0
FFQ	66	19	0	0	0	0	10066	3992	21189	7215	31	6535	4964	4435	2523	2139	10182	1527	6733	13702	7897	26732	3780	14684	26957	9847	24530	44907	20673	16928	64051	53914	84093	65216	181743	204764	696208	121886	96021	26028	74838	37768	56574	0
FFQ	67	76	0	0	0	0	10765	3957	22292	7424	26	7021	4862	4697	2276	1991	10658	1556	7146	13933	8399	27718	3644	15139	27641	9594	25783	45265	21220	15957	66125	54459	86100	65192	185630	209857	708466	118084	89381	22871	68203	32896	48987	0
FFQ	68	322	0	0	0	0	11519	3747	23387	7391	17	7537	4717	4871	2161	1942	11230	1641	7226	14176	8930	28748	3404	15622	28481	9975	26930	45412	21837	15058	67798	54400	87508	65899	188385	213138	720206	115146	83380	20067	61899	28653	42531	0
FFQ	69	259	0	0	0	0	12037	3520	24192	7644	22	8203	4640	5067	2038	1815	12132	1721	7468	14284	9533	29287	3170	15910	29140	9920	28143	45069	22461	13837	69155	54603	88560	66866	190987	217824	732304	110957	77019	17547	56438	24945	36574	0
FFQ	70	31	0	0	0	0	12626	3409	24630	7860	21	8685	4578	5167	1827	1610	12592	1714	7949	14779	9969	30221	2975	3960	19850	32479	29221	45404	23198	12969	70788	54490	90220	67375	193946	221473	741133	107515	71638	15670	50943	21204	31172	0
FFQ	71	118	0	0	0	0	13288	3071	25545	7889	12	9195	4403	5330	1680	1450	13309	1700	8092	14764	10515	30966	2853	3768	20084	33806	30534	44745	24167	12116	72226	55247	91791	67617	195338	224782	749769	104883	65852	13687	46392	17844	26463	0
FFQ	72	116	0	0	0	0	14012	2816	26771	7908	12	9737	4174	5453	1550	1415	13948	1774	8277	15196	11083	32023	2631	3562	20497	34726	31612	44253	24628	11101	74295	55001	91940	68835	198514	228239	756392	101023	60636	11778	41799	15155	22409	0
FFQ	73	55	0	0	0	0	14545	2613	27517	8115	12	10388	3990	5626	1434	1351	14526	1834	8546	15497	11936	32525	2505	3500	20766	35724	32769	44689	25348	10507	75428	55013	93806	69922	200586	230948	760932	97721	55522	10495	37430	12685	18485	0
FFQ	74	89	0	0	0	0	15363	2395	28988	8313	15	10923	3776	5907	1297	1254	15200	1822	9103	15895	12545	32981	2351	3339	21150	37257	34167	44421	26022	9631	77333	55829	95450	70199	202345	234340	761853	94339	51164	8770	33522	10701	15242	0
FFQ	75	49	0	0	0	0	16091	2253	29461	8500	22	11476	3634	5996	1166	1046	15887	1981	9365	16081	13425	33544	2029	3136	21784	38236	35113	17568	52935	8714	79237	55832	96565	70857	204914	238189	762964	91604	47245	7490	29758	8716	12428	0
FFQ	76	5	0	0	0	0	15445	1901	27632	9588	17	13689	3886	5567	1194	843	18338	1570	10620	15191	16124	39814	2093	3052	24904	46762	41362	19435	67717	10449	99871	68653	125719	96234	239122	298509	581020	70148	34080	6159	26235	7023	5320	0
FFQ	77	84	0	0	0	0	16570	1784	29473	9034	9	12968	3277	5878	984	773	17414	1766	10060	15147	14915	36496	1789	2619	22824	42722	37671	15941	61262	8004	89151	59964	111794	82572	237429	281191	672532	74404	35932	5116	23884	6405	5453	0
FFQ	78	89	0	0	0	0	17126	1613	29414	8972	15	12920	3046	5868	848	736	17287	1746	10001	15153	14944	35113	1530	2463	21619	41084	36894	13888	57785	6593	83514	55947	101836	75128	217875	255410	756758	80044	36105	4334	20673	5030	5890	0
FFQ	79	45	0	0	0	0	17529	1413	29862	8987	21	13260	2681	6098	744	647	17680	1786	9786	15144	14973	34847	1367	2347	21229	40644	36174	12367	57415	5720	82118	53662	97478	71587	210932	244894	793410	83830	34019	3639	17865	3831	5260	0
FFQ	80	41	0	0	0	0	18075	1266	30607	9153	16	13780	2569	6063	659	566	17930	1921	10010	15509	15360	34316	1242	2416	21295	41198	36515	11420	57601	4988	81621	53264	96570	70217	208427	241394	808664	83975	31205	2894	15399	2854	4291	0
FFQ	81	171	0	0	0	0	18900	1144	31532	9441	22	14287	2323	6339	566	533	18407	1870	10184	15917	15976	34719	1109	2256	21520	41562	37899	10466	58835	4573	82034	52939	96611	71172	206515	242021	811209	82816	28425	2360	13231	2146	3261	0
FFQ	82	84	0	0	0	0	19531	1007	32616	9561	19	14871	2237	6669	522	454	18854	2038	10399	16207	16471	35182	962	2204	21653	41849	38717	9610	59555	4140	82618	52662	97157	71265	208192	242953	811066	81328	25624	1896	11200	1536	2382	0
FFQ	83	726	0	0	0	0	20547	936	33808	9752	23	15397	2000	6808	433	471	19372	2017	10802	16907	17070	35874	924	2214	22079	43372	39723	8813	60257	3631	84008	52915	98411	71341	208352	243874	806538	79446	22867	1514	9258	1123	1688	0
FFQ	84	240	0	0	0	0	20801	795	34485	10224	21	16371	1954	6697	390	398	20039	2013	11211	16749	17838	36307	845	2132	22087	44038	40388	8231	61657	3294	84878	53042	99251	72659	208418	246504	803342	77152	19879	1200	7806	793	1162	0
FFQ	85	190	0	0	0	0	21758	747	35853	10367	27	16874	1915	6986	324	354	20735	2044	11460	17260	18353	36549	743	2192	22706	44924	41509	7601	62893	2877	86543	52856	100188	72468	209543	246996	798523	74897	17414	937	6376	536	773	0
FFQ	86	83	0	0	0	0	22042	646	36235	10601	36	17822	1748	7235	325	292	20972	2080	11567	17488	19066	37157	652	2084	23117	45334	42825	7020	63923	2658	87004	53406	100603	73431	210258	249401	792840	73265	15472	769	4978	333	523	0
FFQ	87	56	0	0	0	0	22819	568	36901	10781	23	17927	1576	7303	257	306	21387	2212	11920	17559	19552	37180	583	2036	23120	46176	43612	6386	64826	2295	87354	53550	101786	74034	210504	250573	790331	71223	13604	544	3887	223	317	0
FFQ	88	193	0	0	0	0	23411	534	37956	10932	27	18131	1377	7611	195	239	22170	2137	12134	18038	19877	37638	526	2085	23556	46743	44568	5876	65385	2061	89412	53914	102915	74519	210532	251109	784138	69953	11799	449	2822	137	192	0
FFQ	89	251	0	0	0	0	24418	478	39340	11549	30	18964	1307	7500	201	230	22638	2317	12394	18716	20513	38536	446	2130	24183	47590	45099	5436	66959	1809	90800	54033	103748	74809	210851	253505	774583	67334	9987	308	2120	83	96	0
FFQ	90	76	0	0	0	0	25193	408	40054	11397	26	19497	1229	7883	143	195	23150	2233	12695	18696	21160	38418	414	2106	24356	48341	45336	4986	67767	1672	90782	54214	104292	76035	211079	255417	769817	65829	8514	216	1571	37	57	0
FFQ	91	305	0	0	0	0	26098	364	41470	11807	34	19984	1039	7983	119	187	23549	2316	12946	19105	21874	38839	332	2096	24900	49002	46303	4501	68732	1499	92586	54143	104648	75915	211593	256607	762026	63823	7281	147	1087	18	33	0
FFQ	92	318	0	0	0	0	26337	313	42502	12502	29	20988	1021	8365	119	157	24191	2272	13107	19404	22530	39190	267	2074	25053	49963	47554	4124	69977	1310	93768	55286	105546	76751	210497	257583	752981	62242	6109	114	728	4	15	0
FFQ	93	504	0	0	0	0	27649	308	43668	12708	38	21299	928	8415	85	129	24660	2376	13567	20146	22806	40187	263	2129	25574	50420	48890	3932	70575	1144	94087	55540	106341	77606	210903	259030	743120	60755	4972	72	461	2	2	0
FFQ	94	147	0	0	0	0	28369	236	45082	13085	33	22021	919	8741	76	126	25209	2567	13950	19977	23670	40973	216	2192	25623	51573	49916	3522	72065	1079	95683	56149	107661	78327	211107	259728	732685	58230	4006	46	302	0	0	0
FFQ	95	346	0	0	0	0	29170	231	46325	13434	37	22615	817	107	8715	104	26116	2634	13981	20861	24271	41455	201	2201	26436	52115	50714	3274	72871	966	97162	55844	109215	79077	211249	260488	721608	57190	3246	30	185	0	0	0
FFQ	96	180	0	0	0	0	29918	171	47126	13742	29	23537	721	105	8722	90	26315	2640	14233	21259	24932	41896	171	2148	26608	52678	51481	2978	73685	893	98056	56649	109055	79732	211184	262303	713671	55713	2563	13	94	0	0	0
FFQ	97	313	0	0	0	0	30746	151	47664	13963	40	23719	642	106	9055	83	27005	2563	14750	21282	25408	42533	138	2215	27237	53618	52384	2681	74015	782	98540	57140	110116	80258	211265	261762	706654	54302	2105	3	53	0	0	0
FFQ	98	66	0	0	0	0	32182	162	49963	14247	40	24895	603	86	9242	66	27480	2682	14971	22067	25629	42721	116	2333	27638	54283	53529	2487	75383	715	99229	57542	111435	80733	209585	263032	695132	53233	1753	2	29	0	0	0
FFQ	99	89	0	0	0	0	32177	131	50483	14772	40	25158	517	70	9152	70	27978	2732	15185	22039	26201	42859	90	2348	27932	54773	54298	2275	76094	595	100613	57645	112441	81211	209311	264603	687940	52040	1424	1	4	0	0	0
FFQ	100	5	0	0	0	0	39484	144	61980	17393	57	30235	681	79	11963	61	33217	3595	18237	28058	31986	49920	110	2807	33174	63549	65188	2372	87176	651	114890	66274	125975	90743	209211	281430	545171	38586	888	0	1	0	0	0
# Last Fragment Qualities. Use `grep ^LFQ | cut -f 2-` to extract this part.
# Columns correspond to qualities and rows to cycles. First column is the cycle number.
LFQ	1	3231	0	0	0	0	0	0	12427	0	0	13749	0	4472	0	0	2453	18811	0	2035	38	2612	0	8208	13737	2288	17887	43768	42440	50911	3206	145809	718682	0	130948	821513	0	0	0	0	0	0	0	0
LFQ	2	1838	0	0	0	0	0	0	12984	0	0	13747	0	4318	0	0	3328	20837	0	2087	45	2574	0	9303	13484	2192	17064	41637	50901	46782	3227	126805	657198	0	69390	959484	0	0	0	0	0	0	0	0
LFQ	3	1639	0	0	0	0	0	0	13382	0	0	13994	0	4203	0	0	3167	21249	0	2044	30	2723	0	10297	12993	2153	17583	41507	54221	47267	3070	125677	634274	0	59622	988130	0	0	0	0	0	0	0	0
LFQ	4	2096	0	0	0	0	0	0	13169	0	0	13483	0	4044	0	0	0	8936	8166	2071	6618	2747	0	7051	2782	2172	12340	18321	10870	26571	1319	41444	5252	65618	73385	0	477424	0	1253346	0	0	0	0	0
LFQ	5	2105	0	0	0	0	0	0	13135	0	0	13520	0	4105	0	0	0	9320	7930	2159	6380	2677	0	7272	2755	2214	12388	18521	10863	26559	1486	41431	5214	65433	73519	0	480147	0	1250092	0	0	0	0	0
LFQ	6	274	0	0	0	0	0	69	7176	9981	0	6986	1727	1908	2320	454	4678	3493	11088	3602	3245	1130	2114	4043	9231	1651	13602	12638	12446	17493	9636	38450	20405	72910	51370	1	451659	27742	1255703	0	0	0	0	0
LFQ	7	79	0	0	0	0	58	45	7053	10561	0	7055	1776	1859	2326	459	4474	3685	10876	3604	3210	1138	2198	3933	9229	1755	13693	12761	14051	15901	10200	38934	20334	73157	51710	3	449854	27675	1255579	0	0	0	0	0
LFQ	8	562	0	0	0	0	87	36	7377	10481	0	6943	1831	1764	2374	435	4553	3658	9709	3595	3257	1209	2252	3959	9513	1763	14100	13109	16134	13816	9943	39197	19935	73258	51658	4	451568	27705	1253440	0	0	0	0	0
LFQ	9	227	0	0	0	0	106	57	7370	10927	0	7019	1959	1829	2355	469	4637	3616	9488	3652	3276	1235	2305	4175	9292	1790	14307	6211	24703	12093	10413	39573	15848	57095	38331	33817	151142	112	250486	135251	1194059	0	0	0
LFQ	10	319	0	0	0	0	139	74	7535	11310	3	8268	2265	1846	2453	489	4870	3813	9797	3875	3572	1202	2290	4105	9575	1869	14467	6377	26922	10350	10204	39865	15218	57232	38219	33438	151436	125	250785	136494	1188424	0	0	0
LFQ	11	139	0	0	0	0	151	133	7286	10776	19	7065	1942	1781	2510	506	4820	3705	9918	3803	3579	1207	2481	4018	9306	1834	14422	6476	29209	8440	10396	40677	15495	58344	38654	33654	152197	137	251354	138188	1184603	0	0	0
LFQ	12	731	0	0	0	0	144	175	7187	11098	52	7383	1976	1889	2624	494	4688	3725	9406	3847	3521	1181	2469	4008	9578	1972	14718	6465	30215	7193	10414	41115	14878	57844	38642	33652	152825	149	253292	139228	1180447	0	0	0
LFQ	13	743	0	0	0	0	187	217	7409	11304	119	7386	2014	1868	2526	471	4851	3804	9573	3983	3701	1215	2588	4019	9695	2158	14634	6514	29925	6901	10538	42012	14114	58433	39598	33335	154215	150	253972	141335	1173718	0	0	0
LFQ	14	1097	0	0	0	0	183	271	7628	11616	199	7440	2018	1900	2594	496	1291	6188	10899	3924	3786	1175	2646	3851	7002	4913	15230	6541	29347	6871	10744	23884	31498	41566	45957	35885	28459	98868	75086	209154	137592	398051	783375	0
LFQ	15	662	0	0	0	0	216	351	7794	12008	351	7529	2058	1919	2609	509	1497	6438	11220	4025	3953	1206	2776	4050	7234	5385	15145	6683	29504	6885	10465	24916	31832	40686	46862	35759	29489	98758	76085	210887	138044	399332	774103	0
LFQ	16	718	0	0	0	0	237	425	7790	12110	490	7353	1992	1923	2676	519	1690	6390	10624	4017	4014	1264	2845	4021	7220	5678	15671	6678	29231	7090	10721	25962	31331	41094	46749	35782	30917	97944	77007	211689	140070	400683	766610	0
LFQ	17	512	0	0	0	0	245	503	7979	12409	712	7351	1879	2000	2663	611	2012	6642	10193	4068	4205	1328	3026	3918	7406	6096	15881	6777	28637	7186	10729	27206	31190	40657	47382	35667	32765	97637	77254	212442	140131	401554	760372	0
LFQ	18	1025	0	0	0	0	273	590	8092	13180	989	7222	1796	1980	2810	626	2306	6891	9547	4182	4230	1247	3232	3989	7674	6429	16190	7150	28020	7368	10843	28142	31145	40063	48558	35207	34486	96544	78146	214162	140869	402538	751484	0
LFQ	19	581	0	0	0	0	304	719	8187	13209	1257	6826	1694	2093	2771	613	2722	6589	3666	10952	4256	1440	3360	3975	7808	7119	15654	7728	27199	7719	10996	29649	31320	39441	33912	49908	36565	81799	84951	191450	164856	408563	747374	0
LFQ	20	762	0	0	0	0	334	842	8217	13641	1660	6555	1610	2133	2834	644	3180	6979	3783	9820	4382	1398	3777	3934	7877	7606	16013	7691	25985	7996	11059	31269	31363	38747	34952	50173	39235	81517	85052	193692	165299	408664	738550	0
LFQ	21	1514	0	0	0	0	350	1056	8164	13939	2079	6360	1479	2147	2917	738	3683	7165	3814	9068	4528	1490	4119	3991	8136	8478	16501	8071	25374	8147	11136	32510	31304	38468	36006	49034	41867	81474	85456	196985	166761	407018	727898	0
LFQ	22	743	0	0	0	0	396	1222	8872	14397	2592	5834	1312	2250	2889	821	4274	7707	4154	8447	4545	1561	4433	4183	8103	9033	16678	8356	24827	8397	11409	34757	31618	37287	37423	48296	45046	81168	85368	200444	166974	406189	717220	0
LFQ	23	855	0	0	0	0	405	1514	8737	14886	3161	5361	1144	2322	3046	870	4907	7829	4153	7769	4721	1723	4863	4276	8315	9742	17162	8674	23386	8862	11426	36109	31700	36588	38361	47446	48472	79995	86359	204525	166745	406856	705960	0
LFQ	24	569	0	0	0	0	429	1770	8872	15010	3702	4768	955	2563	3140	969	5607	8186	3906	7094	4679	1878	5426	4432	8232	10480	17746	9043	22501	9303	11516	37790	32513	35857	40183	47086	52547	79130	86222	207324	162087	403039	702671	0
LFQ	25	209	0	0	0	0	489	2026	9027	15675	4213	4184	946	2723	3214	1101	6225	8602	3757	6734	4830	2049	5771	4617	8673	11087	18130	9577	21980	9947	12108	39566	32682	35534	41770	46519	56171	78549	87314	211381	160357	404952	686536	0
LFQ	26	192	0	0	0	0	586	2429	8608	15555	5120	3853	884	2747	3339	1227	6881	8531	3432	6224	4841	2412	6366	4955	8654	11698	18238	10157	21391	10950	12389	40897	33259	35303	43553	45941	60219	78219	88802	212867	159841	407533	671132	0
LFQ	27	246	0	0	0	0	621	2778	8693	15973	5830	3317	791	2893	3503	1461	7612	8275	3177	6206	4929	2592	6816	5208	8723	12311	18154	10833	20601	11751	12825	42918	33348	35205	45588	45224	64306	76584	90132	214391	158915	409304	657191	0
LFQ	28	325	0	0	0	0	685	3219	8931	16305	6365	2755	741	3047	3516	1597	8202	8287	2862	6144	5048	2801	7561	5703	8905	12789	17929	11615	20245	12318	13319	43930	33950	35449	47620	44719	68197	76825	91464	216947	158252	409435	641223	0
LFQ	29	123	0	0	0	0	823	3811	9075	16593	6729	2403	816	3157	3761	1823	8889	7964	2559	5936	5091	3079	8088	5879	9328	13288	17992	12416	20011	13319	13574	44567	35164	35526	50606	44803	72945	74929	93689	219168	157545	409703	624053	0
LFQ	30	31	0	0	0	0	866	4184	9302	16483	7074	1907	845	3488	4106	2029	9316	7804	2469	6053	5236	3375	8053	6437	10142	13919	17808	13051	19545	14337	14017	45860	35937	35760	52374	44247	77101	74511	96061	220359	158987	407979	608172	0
LFQ	31	569	0	0	0	0	994	4810	9620	16969	7571	1523	908	3528	4149	2366	9810	7125	2158	6170	5467	3688	8625	6777	10417	14166	17272	14321	19281	15084	14732	45105	36722	36547	54877	44707	81203	74964	98110	222211	158846	406502	591331	0
LFQ	32	344	0	0	0	0	1100	5522	10136	16518	7566	1134	985	3880	4525	2597	10007	6587	2052	6320	5432	4112	8889	7311	10584	14314	16926	15198	19217	16177	15416	45304	37206	37029	57431	45338	85601	75703	99579	221502	160116	404731	576836	0
LFQ	33	1143	0	0	0	0	1186	6192	10423	16710	7729	946	1193	4096	4856	2930	10231	6046	1866	6544	5613	4509	9594	7794	11051	14772	15881	16602	19062	17555	15960	44948	38570	37810	60006	46251	90022	76352	101703	221830	161294	399040	560915	0
LFQ	34	1283	0	0	0	0	1313	6671	10816	16575	7744	763	1380	4465	5229	3273	10222	5821	1914	6967	5688	5053	10172	8228	11432	14888	15221	17598	19365	18479	16612	44308	40087	38732	63173	47474	93666	77671	105243	221560	162353	394307	543479	0
LFQ	35	262	0	0	0	0	1522	7371	11534	16492	7733	671	1556	4837	5596	3602	10716	5473	1831	7126	5889	5552	10112	8972	11996	15773	14822	19545	19152	20280	17579	43813	41008	39999	65312	49073	99022	79198	108166	220547	164615	387371	525107	0
LFQ	36	1469	0	0	0	0	1567	8102	11846	16584	7622	577	1802	4858	5992	3944	10212	4838	1879	7439	6052	5983	10706	9470	12501	16070	13950	21067	19452	21986	18435	43378	42425	41570	68095	51047	104390	81359	110569	217995	167283	380156	506555	0
LFQ	37	1384	0	0	0	0	1728	8708	12193	16438	7374	602	2010	5116	6237	4148	9851	4540	1945	7875	6126	6572	11265	9734	12941	16067	13077	22546	19345	23297	19402	42129	43846	42750	71342	53979	109779	83701	114196	215119	169615	373038	489210	0
LFQ	38	1408	0	0	0	0	1954	9659	13140	16592	7050	648	2301	5520	6754	4592	9726	4161	1990	8136	6281	7167	11876	10456	13343	16620	12356	23859	19449	24727	20763	41328	45475	44637	73756	56977	115479	86767	117086	212234	171727	364741	468490	0
LFQ	39	1595	0	0	0	0	2163	10234	13443	16708	6543	750	2574	5720	7056	4838	9404	3870	2177	8664	6301	7870	10255	10819	16420	16802	11754	25571	19590	26489	21734	41425	46802	46274	77257	60454	122462	89903	119489	206409	176217	354394	448795	0
LFQ	40	708	0	0	0	0	2494	11018	14123	16510	6324	775	2950	6422	7489	5218	9263	3706	2331	9285	6520	8676	10492	11442	17464	16827	11452	27834	19753	28116	22703	40623	48611	48450	80375	64943	130007	93206	123312	203409	177629	342795	425970	0
LFQ	41	658	0	0	0	0	2700	11517	14612	16692	5746	898	3272	6394	7764	5389	8869	3585	2385	9660	6387	9276	11021	11866	17995	17010	10619	29298	19982	29977	24589	40270	50271	50106	83037	69444	139050	97341	126127	197988	180006	331153	406271	0
LFQ	42	540	0	0	0	0	3065	12014	15356	16679	5332	1009	3578	6713	8199	5704	8533	3439	2665	10503	6512	9967	11418	12740	19070	17408	10389	30821	20188	31499	25915	40155	51807	51553	86194	74596	148387	100452	129636	193664	180512	319640	383373	0
LFQ	43	445	0	0	0	0	3286	12367	16022	16830	4905	1175	4099	6787	8492	5874	8216	3334	2875	11256	6487	10676	11719	13125	20053	17561	10080	32950	20221	33101	27351	40650	53920	53309	89774	79393	158201	105019	132405	187210	181198	307292	361567	0
LFQ	44	387	0	0	0	0	3681	13101	16613	16881	4372	1251	4396	7011	8523	6155	7798	3262	3070	11808	6612	11363	12415	13688	21175	17819	10038	34654	20182	34611	28926	40697	55861	55224	93745	84741	169411	108441	135428	180876	181512	292582	340915	0
LFQ	45	182	0	0	0	0	4055	13465	17508	16976	4011	1497	4797	7258	8943	6262	6842	2433	3243	11482	6164	16730	9596	13670	22883	17803	11631	36500	20562	35601	30720	41389	57235	56634	97276	90990	181920	112514	137591	174531	181018	277717	319596	0
LFQ	46	567	0	0	0	0	4479	14069	18407	17345	3641	1682	5308	7042	9173	6329	6538	2369	3344	12480	6160	18075	9593	14151	24302	18248	11868	38035	20810	36817	32593	41779	60169	58617	101418	96842	195277	115335	139543	167332	179955	262822	296711	0
LFQ	47	404	0	0	0	0	5086	14411	19498	17563	3163	1931	5913	7139	9522	6534	6588	2351	3708	13157	6139	19326	9775	14827	25569	18392	11862	39961	20852	38139	34846	43690	62277	60036	106089	104001	207969	119220	140719	159460	177210	246744	275154	0
LFQ	48	646	0	0	0	0	5545	14770	20239	17781	2882	2180	6334	7098	9758	6257	6659	2303	4134	13685	5815	20916	9926	15163	27104	18602	12193	41423	20810	38590	36197	44987	64248	61635	111508	110361	222618	122461	141669	151289	175533	231087	254819	0
LFQ	49	129	0	0	0	0	6020	14783	21379	17796	2493	2381	6803	7547	9829	6544	6716	2216	4348	14638	5653	22534	10202	15358	24240	22233	11282	42789	24177	39848	38590	46784	66880	63132	115281	117215	237616	125208	141733	138413	176691	215114	234630	0
LFQ	50	348	0	0	0	0	6656	14860	22509	17750	2110	2717	7164	7338	9787	6461	6811	2311	4593	15707	5530	24377	10156	16167	25355	23144	11809	44916	25192	39991	40915	48315	69051	64856	120666	124303	253024	126617	141241	130750	170954	200055	214719	0
LFQ	51	103	0	0	0	0	7108	14178	22716	17459	1766	3284	8559	8126	11272	6425	7682	2146	5112	16935	4857	29046	10864	19313	28285	27784	14227	53043	28549	50904	48684	64383	91234	84341	151071	162779	206544	134634	133225	136445	203526	159491	83125	0
LFQ	52	141	0	0	0	0	8018	14531	24421	17437	1503	3492	8487	7574	10276	6171	7384	2107	5336	17332	4980	29272	10268	17949	28146	25912	12982	50272	28479	44451	46956	57533	82791	77447	148040	159147	244139	136593	128392	125770	194812	171955	98729	0
LFQ	53	535	0	0	0	0	8727	14296	25902	17364	1332	3826	8436	7522	9762	6152	7753	2203	5747	18250	4704	29971	10271	17618	28668	25885	13180	49143	27996	41299	46863	55083	79103	72949	144216	153718	283952	133856	131766	111664	167416	164293	127804	0
LFQ	54	431	0	0	0	0	9216	14440	27236	17247	1073	4083	8865	7424	9350	5980	8244	2124	6053	19021	4293	31698	10200	17611	29586	26147	13251	48263	28543	41213	47822	55775	78881	71164	145028	155783	312415	131634	132185	99554	151763	146029	139600	0
LFQ	55	672	0	0	0	0	10330	14360	28667	16628	867	4545	9217	6634	9104	6985	8628	1939	6605	19492	4049	31626	12018	17406	30851	18647	22713	48210	29090	39805	48693	57117	80539	70745	148206	159825	334825	130814	129107	92004	141653	131355	135254	0
LFQ	56	1212	0	0	0	0	11226	13952	30232	16683	735	5115	9662	6573	8833	7007	9463	1911	6976	20717	3784	33354	12187	17692	32426	18848	23968	49234	30747	38767	50408	58688	82150	71407	152618	166963	350803	129248	125861	83990	132749	118839	124197	0
LFQ	57	470	0	0	0	0	12061	13741	31943	16667	596	5636	10087	6926	8642	7211	10038	1819	7687	21744	3406	35003	12314	17787	33708	19040	25544	48789	31797	38787	52056	60475	85016	72359	158167	174184	365722	127601	121893	76830	123973	106803	112703	0
LFQ	58	358	0	0	0	0	13148	13502	33457	16321	481	6178	10459	6793	8340	6937	10958	1809	8220	22934	3095	37283	12432	18103	35304	20200	26995	48978	33676	37713	53711	61493	87176	73626	163227	180584	380602	125152	117243	69478	116345	95877	101037	0
LFQ	59	330	0	0	0	0	11491	10722	29877	14467	314	6707	9831	5952	7772	4154	10821	1446	7263	21699	2393	31266	8829	24350	23603	14818	21749	61400	32177	34946	49610	59045	83458	71070	166188	181563	437887	125924	118966	56425	123235	87090	100387	0
LFQ	60	9	0	0	0	0	12269	10045	30787	13890	242	6754	9767	5916	6841	4063	10494	1373	7497	21912	2191	29760	8269	23819	23149	13916	22220	58982	31836	32185	48688	57033	81172	67483	165627	180210	486729	125726	118582	50710	114069	78263	96747	0
LFQ	61	0	0	0	0	0	12918	9585	31391	13292	218	7276	9627	5700	6555	3895	11028	1270	7826	22537	1891	30624	8024	24015	22881	13876	23218	58697	32154	30731	48320	56594	80525	66760	166391	181421	521301	123798	115250	46168	104840	68820	89808	0
LFQ	62	33	0	0	0	0	13695	9322	32576	13430	145	7797	9310	5782	6201	3886	11847	1289	8185	22991	1735	31338	7984	24773	23382	13451	24312	59115	33856	29203	49106	56666	81234	66641	169027	185272	544744	121594	110044	40590	96561	60533	81575	0
LFQ	63	177	0	0	0	0	14668	9383	35610	13650	155	8445	9342	6001	5962	3740	12673	1278	8682	24609	1596	32549	7779	25722	23828	13418	25706	59757	35030	28409	49780	57343	82342	66760	172753	189255	559965	119153	103689	36279	88480	53411	71846	0
LFQ	64	351	0	0	0	0	15528	8588	35311	13320	77	9361	9525	6183	5539	3474	13372	1219	8955	25207	1346	34080	7451	26609	24582	13377	26670	60081	36370	27456	50299	57959	84284	67104	177158	194775	575343	116287	97699	32255	81445	47187	63398	0
LFQ	65	179	0	0	0	0	16388	8166	37044	13028	56	10042	9142	6187	5178	3425	13362	2047	9334	18854	8296	35289	7150	17598	34718	13574	28295	57538	23135	25321	70114	58533	85419	67966	181111	200022	588011	112979	91510	28992	74400	41435	55387	0
LFQ	66	361	0	0	0	0	17470	7707	37898	12846	52	10787	8803	6508	4694	3178	14169	2037	9865	19284	8872	36229	6916	17931	35696	13425	29726	57286	23732	24119	70799	59062	87632	68901	184820	204295	600576	109613	85625	25627	67787	36148	48749	0
LFQ	67	123	0	0	0	0	18211	7212	39691	13026	31	11275	8745	6669	4361	2978	15073	2132	10208	19580	9159	36877	6811	18282	36792	13208	30471	57093	24459	22849	73770	59664	89337	69246	188116	208886	610828	106317	80137	22709	61210	31618	42071	0
LFQ	68	320	0	0	0	0	19436	6792	40907	12927	33	12190	8578	6773	3968	2846	15524	2119	10625	19651	9661	37971	6251	18921	37797	13427	31809	56943	25123	21544	75309	59464	90727	69785	192256	213386	619021	103336	74127	20091	55765	27480	36342	0
LFQ	69	89	0	0	0	0	18501	5663	38409	12223	24	12610	8043	6300	3553	2396	15872	1822	10605	18222	9898	37112	5721	17459	37944	12628	31169	54290	24424	19631	73221	57268	88067	69248	191074	211206	661189	103984	71177	15448	55033	23229	34473	0
LFQ	70	329	0	0	0	0	19561	5396	40030	12302	30	13355	7541	6407	3096	2254	15872	1975	10914	18296	10329	37177	5454	5406	25758	36628	32256	53155	24456	18039	72543	55809	86105	67164	187921	207562	692101	102410	67347	13698	49732	19391	31426	0
LFQ	71	498	0	0	0	0	20268	5085	41467	12345	19	14166	7245	6763	2944	2170	16867	1980	11203	18740	11023	37737	5178	5158	25663	37361	33299	51925	25184	16800	74131	55599	86005	66810	186464	208394	707480	99747	62950	11625	45045	16411	27476	0
LFQ	72	703	0	0	0	0	21107	4482	42423	12617	24	15386	7128	6735	2581	2130	17462	1996	11704	18919	11432	38159	4997	4763	26061	38529	34753	51095	26030	15653	74557	55073	86572	67212	186871	210278	718117	97256	58243	10023	40883	13634	23637	0
LFQ	73	949	0	0	0	0	22146	4273	43992	12470	13	15770	6645	6814	2336	1908	17937	1959	11939	18828	12040	38835	4705	4693	26395	39272	35588	50641	26183	14790	75965	55431	87810	67012	189582	213727	723273	95116	53441	8770	36652	11475	19850	0
LFQ	74	620	0	0	0	0	22707	3854	45087	12598	21	16962	6582	7100	2131	1830	19014	1958	12298	19270	13099	39792	4565	4482	26817	40547	36960	50399	27234	13732	77566	55374	88274	67412	190114	215010	727956	91790	49475	7366	33112	9438	16679	0
LFQ	75	1450	0	0	0	0	23830	3540	45882	12915	18	17944	6049	7101	1974	1734	19657	2040	12702	19500	13657	40505	4287	4205	27504	41378	38273	25063	52652	12760	78673	55291	89420	68605	190504	217358	730679	89622	45285	6289	29361	7800	13718	0
LFQ	76	2267	0	0	0	0	24756	3287	47156	13075	28	18610	5666	7203	1734	1594	20341	2094	13159	19650	14172	40809	4164	3934	27903	41957	39299	24015	54117	11726	80326	54738	90258	68724	192744	220364	732240	86197	41753	5442	26065	6457	11201	0
LFQ	77	2048	0	0	0	0	25556	2986	48547	13458	23	19656	5532	7431	1638	1489	21148	2002	13475	20081	14781	41610	4030	3709	28245	42910	40244	22398	55430	11074	80681	55099	91353	69727	194865	221882	731868	84343	38325	4568	22941	5033	9039	0
LFQ	78	104	0	0	0	0	26089	2593	48877	13595	31	21624	5606	7283	1461	1446	21785	2082	13906	20441	15362	41502	3779	3614	28885	44078	41083	21323	56703	9968	82992	55075	92232	70194	195450	225263	733123	81135	35300	3767	20142	4195	7137	0
LFQ	79	898	0	0	0	0	26721	2285	49878	13663	25	21384	4783	7628	1161	1376	22356	2086	14198	20331	15985	42054	3570	3470	29305	45041	42043	20589	57824	9348	83176	55254	93317	70295	196999	227580	733836	79107	32081	3136	17410	3335	5697	0
LFQ	80	1302	0	0	0	0	28169	2138	51642	13734	31	22156	4580	7759	1082	1252	23141	2197	14644	21158	16779	42555	3547	3392	29516	45353	43242	19573	59705	8612	84319	55455	93807	71085	197017	229071	730727	76851	29081	2643	15068	2509	4333	0
LFQ	81	1703	0	0	0	0	28847	1954	52304	13969	19	22665	4147	7891	946	1161	23521	2209	14908	21211	17273	42962	3365	3321	29995	46477	44205	18487	60840	7945	85290	54994	95057	71260	198677	230293	729956	74728	26415	2127	13057	1826	3220	0
LFQ	82	1642	0	0	0	0	29661	1796	53575	14450	33	23760	3789	8000	889	1197	24273	2209	14907	21430	18039	43790	3190	3138	30074	47651	45425	17420	61855	7538	87306	55263	95620	71933	198666	232284	725687	72750	23571	1659	11060	1348	2347	0
LFQ	83	1290	0	0	0	0	30792	1582	54275	14637	34	24691	3624	8175	742	1028	24749	2272	15510	22131	19043	44240	3102	2976	30444	47710	46130	16681	62979	6900	88104	55579	96994	72614	199082	233816	722108	70888	21155	1285	9212	962	1689	0
LFQ	84	794	0	0	0	0	31454	1411	56060	15083	41	25690	3404	8275	679	1035	25082	2267	15863	21884	19528	44512	3022	2939	31239	48714	46963	15625	63922	6439	88595	55380	97538	73422	200470	236838	716966	68806	18773	1114	7520	675	1203	0
LFQ	85	860	0	0	0	0	32702	1221	56865	15220	25	26344	3174	8722	549	988	26027	2308	16090	22696	20190	44555	2894	3023	31240	49587	48253	14902	65285	5961	90010	55518	97897	73677	200315	238132	712367	66872	16526	792	6126	520	792	0
LFQ	86	808	0	0	0	0	33952	1084	58630	15929	23	27187	2929	8909	497	1006	26924	2448	16649	23008	21051	45320	2804	2816	31994	50933	49772	14283	66280	5572	91396	56062	99267	74422	199612	238841	703346	64597	14512	640	4896	309	517	0
LFQ	87	34	0	0	0	0	34259	959	59616	16043	34	28711	2642	8692	417	1013	27538	2358	16953	23295	21827	46178	2777	2726	32675	51534	50461	13639	67890	5222	92769	56220	100446	75460	199811	240723	695839	62893	12806	461	3782	195	327	0
LFQ	88	547	0	0	0	0	35180	857	60675	16187	47	28418	2239	9060	373	933	28094	2484	16953	23733	21985	45844	2653	2774	32526	51875	50921	12928	68565	4833	93363	56273	101701	75830	201762	242532	691284	61178	11203	337	2749	137	192	0
LFQ	89	403	0	0	0	0	36308	738	62348	16690	37	29769	2191	9392	295	919	28569	2504	17492	24068	22989	46795	2559	2576	33236	53403	52530	12293	69365	4503	94675	56589	101407	75789	200594	241934	684705	59682	9505	226	1989	57	101	0
LFQ	90	1239	0	0	0	0	36695	646	62587	17008	30	29955	1871	9178	269	896	29285	2506	17809	24551	23278	47015	2502	2691	33836	53559	53092	11705	70342	4243	95039	56342	102899	76728	201465	242919	679317	57797	8207	187	1461	28	48	0
LFQ	91	268	0	0	0	0	37421	578	64033	17504	37	30978	1863	9320	200	860	29762	2599	18024	24599	23933	47416	2471	2582	33937	54484	53820	11226	71104	4008	96105	57145	102822	77121	200817	243932	673718	56448	6873	112	1064	15	26	0
LFQ	92	422	0	0	0	0	38371	504	64816	17259	25	31254	1605	9559	177	820	30207	2649	18091	24932	24205	47613	2414	2804	34403	54691	54551	10999	71299	3672	97120	57340	104112	77315	201848	246267	666374	55008	5738	87	654	3	17	0
LFQ	93	541	0	0	0	0	39219	427	65829	18113	37	32110	1528	9635	142	851	30600	2672	18397	25126	25253	47995	2372	2577	34623	54973	55755	10638	73093	3488	98138	57277	104425	77600	199873	246213	660774	53691	4721	56	460	0	3	0
LFQ	94	889	0	0	0	0	40549	378	67533	18273	42	32727	1366	9895	118	800	31134	2785	18565	25605	25466	48854	2344	2543	35011	55695	57089	10031	74184	3289	99605	57734	105801	78471	199521	245931	651301	51584	3772	43	297	0	0	0
LFQ	95	430	0	0	0	0	41452	317	68994	18611	37	33288	1231	733	9488	777	31630	2771	19199	26008	26177	48587	2319	2719	35361	57058	57871	9448	75020	3071	99189	58213	106940	79212	199777	247834	641386	50831	3043	20	183	0	0	0
LFQ	96	1025	0	0	0	0	42136	279	70003	19053	44	33534	1143	674	9447	793	32454	2782	19329	26612	26978	49412	2208	2663	35869	57005	58151	9117	75370	2980	100169	58052	106858	79585	200145	248443	634933	49423	2464	7	85	0	0	0
LFQ	97	178	0	0	0	0	43650	238	71571	19858	68	35458	1109	717	9637	686	33059	2892	19829	26913	27474	50354	2198	2669	36390	57692	59319	8870	76015	2825	101581	58473	107727	80047	198326	248622	624932	47797	1999	7	45	0	0	0
LFQ	98	547	0	0	0	0	44445	200	73387	20539	52	36093	949	679	9976	792	33710	2945	20324	27333	28186	51203	2130	2665	36707	58855	60302	8649	77326	2722	102455	59172	109156	80532	196635	248612	613401	46905	1617	1	23	0	0	0
LFQ	99	281	0	0	0	0	45463	194	74072	20564	44	36730	897	670	9996	737	34221	3008	20417	27662	28771	50730	2141	2703	37061	59602	61135	8275	77871	2608	103363	59503	108724	81586	197914	250642	604496	45821	1318	1	4	0	0	0
LFQ	100	129	0	0	0	0	52529	188	85039	23157	70	42568	893	625	12583	623	38606	3801	22674	32997	33801	56695	2166	3298	41385	65813	71250	7895	87042	2403	115249	65184	119603	88077	193998	260515	493173	34392	803	0	1	0	0	0
# GC Content of first fragments. Use `grep ^GCF | cut -f 2-` to extract this part.
GCF	2.26	0
GCF	5.53	1
GCF	7.04	0
GCF	8.04	3
GCF	9.05	2
GCF	10.05	5
GCF	11.06	6
GCF	12.06	11
GCF	13.07	19
GCF	14.07	34
GCF	15.08	86
GCF	16.08	96
GCF	17.09	159
GCF	18.09	227
GCF	19.10	325
GCF	20.10	538
GCF	21.11	774
GCF	22.11	1021
GCF	23.12	1506
GCF	24.12	1844
GCF	25.13	2545
GCF	26.13	3199
GCF	27.14	4119
GCF	28.14	4684
GCF	29.15	5673
GCF	30.15	6616
GCF	31.16	7806
GCF	32.16	9029
GCF	33.17	10707
GCF	34.17	12302
GCF	35.18	13582
GCF	36.18	15779
GCF	37.19	18103
GCF	38.19	20135
GCF	39.20	23158
GCF	40.20	26148
GCF	41.21	30135
GCF	42.21	34141
GCF	43.22	38548
GCF	44.22	44002
GCF	45.23	50297
GCF	46.23	57493
GCF	47.24	66216
GCF	48.24	74764
GCF	49.25	83384
GCF	50.25	92176
GCF	51.26	99778
GCF	52.26	107407
GCF	53.27	112935
GCF	54.27	114796
GCF	55.28	114894
GCF	56.28	111325
GCF	57.29	104918
GCF	58.29	96142
GCF	59.30	85399
GCF	60.30	75381
GCF	61.31	62869
GCF	62.31	51596
GCF	63.32	41634
GCF	64.32	32090
GCF	65.33	24025
GCF	66.33	17656
GCF	67.34	12544
GCF	68.34	8894
GCF	69.35	6422
GCF	70.35	4340
GCF	71.36	3011
GCF	72.36	1952
GCF	73.37	1323
GCF	74.37	834
GCF	75.38	520
GCF	76.38	391
GCF	77.39	251
GCF	78.39	164
GCF	79.40	115
GCF	80.40	85
GCF	81.41	66
GCF	82.41	42
GCF	83.42	33
GCF	84.42	24
GCF	85.43	17
GCF	86.43	7
GCF	87.44	1
GCF	88.44	4
GCF	89.45	1
GCF	90.45	4
GCF	91.46	1
GCF	93.97	0
GCF	96.48	1
# GC Content of last fragments. Use `grep ^GCL | cut -f 2-` to extract this part.
GCL	0.25	3
GCL	1.01	7
GCL	2.01	5
GCL	3.02	4
GCL	4.02	16
GCL	5.03	5
GCL	6.53	13
GCL	8.04	20
GCL	9.05	19
GCL	10.05	26
GCL	11.06	42
GCL	12.06	19
GCL	13.07	37
GCL	14.07	58
GCL	15.08	98
GCL	16.08	138
GCL	17.09	186
GCL	18.09	242
GCL	19.10	369
GCL	20.10	554
GCL	21.11	797
GCL	22.11	1000
GCL	23.12	1401
GCL	24.12	1837
GCL	25.13	2537
GCL	26.13	3335
GCL	27.14	4030
GCL	28.14	4749
GCL	29.15	5672
GCL	30.15	6609
GCL	31.16	7541
GCL	32.16	9002
GCL	33.17	10697
GCL	34.17	12009
GCL	35.18	13838
GCL	36.18	15666
GCL	37.19	18390
GCL	38.19	20107
GCL	39.20	23103
GCL	40.20	26175
GCL	41.21	30000
GCL	42.21	33940
GCL	43.22	38072
GCL	44.22	43167
GCL	45.23	49724
GCL	46.23	57850
GCL	47.24	65089
GCL	48.24	73482
GCL	49.25	83251
GCL	50.25	91434
GCL	51.26	99252
GCL	52.26	106668
GCL	53.27	111549
GCL	54.27	114890
GCL	55.28	114543
GCL	56.28	110834
GCL	57.29	104156
GCL	58.29	96642
GCL	59.30	86011
GCL	60.30	75774
GCL	61.31	64124
GCL	62.31	52566
GCL	63.32	42894
GCL	64.32	33059
GCL	65.33	25572
GCL	66.33	18614
GCL	67.34	13245
GCL	68.34	9662
GCL	69.35	6909
GCL	70.35	4757
GCL	71.36	3346
GCL	72.36	2268
GCL	73.37	1523
GCL	74.37	1058
GCL	75.38	733
GCL	76.38	506
GCL	77.39	373
GCL	78.39	268
GCL	79.40	184
GCL	80.40	188
GCL	81.41	143
GCL	82.41	116
GCL	83.42	84
GCL	84.42	76
GCL	85.43	55
GCL	86.43	38
GCL	87.94	35
GCL	89.45	24
GCL	90.45	20
GCL	91.46	11
GCL	92.46	5
GCL	93.47	3
GCL	94.47	10
GCL	95.48	5
GCL	96.48	9
GCL	97.49	2
GCL	98.99	3
# ACGT content per cycle. Use `grep ^GCC | cut -f 2-` to extract this part. The columns are: cycle; A,C,G,T base counts as a percentage of all A/C/G/T bases [%]; and N and O counts as a percentage of all A/C/G/T bases [%]
GCC	1	23.68	26.11	26.39	23.83	0.11	0.00
GCC	2	24.40	25.47	25.69	24.44	0.05	0.00
GCC	3	24.06	25.77	25.97	24.20	0.04	0.00
GCC	4	23.87	25.98	26.15	24.00	0.05	0.00
GCC	5	24.14	25.71	25.90	24.25	0.05	0.00
GCC	6	23.78	26.04	26.26	23.92	0.01	0.00
GCC	7	24.04	25.75	25.98	24.23	0.00	0.00
GCC	8	24.28	25.56	25.76	24.40	0.01	0.00
GCC	9	24.19	25.64	25.86	24.30	0.01	0.00
GCC	10	24.28	25.55	25.74	24.44	0.01	0.00
GCC	11	24.36	25.44	25.69	24.51	0.00	0.00
GCC	12	24.21	25.62	25.80	24.37	0.02	0.00
GCC	13	24.36	25.52	25.69	24.43	0.02	0.00
GCC	14	24.45	25.40	25.61	24.54	0.03	0.00
GCC	15	24.26	25.58	25.77	24.39	0.02	0.00
GCC	16	24.26	25.60	25.75	24.39	0.02	0.00
GCC	17	24.27	25.55	25.71	24.47	0.01	0.00
GCC	18	24.12	25.78	25.89	24.20	0.02	0.00
GCC	19	24.12	25.77	25.89	24.22	0.02	0.00
GCC	20	24.19	25.66	25.84	24.30	0.02	0.00
GCC	21	23.98	25.85	26.05	24.13	0.04	0.00
GCC	22	24.03	25.82	25.99	24.16	0.02	0.00
GCC	23	24.15	25.71	25.90	24.24	0.02	0.00
GCC	24	23.91	25.90	26.12	24.07	0.01	0.00
GCC	25	23.97	25.87	26.07	24.09	0.01	0.00
GCC	26	24.06	25.79	25.97	24.18	0.01	0.00
GCC	27	23.87	25.98	26.16	23.99	0.01	0.00
GCC	28	23.93	25.90	26.12	24.05	0.01	0.00
GCC	29	24.01	25.80	26.05	24.15	0.00	0.00
GCC	30	23.85	26.02	26.18	23.96	0.00	0.00
GCC	31	23.93	25.92	26.13	24.01	0.01	0.00
GCC	32	24.02	25.85	26.03	24.09	0.01	0.00
GCC	33	23.82	26.02	26.25	23.91	0.03	0.00
GCC	34	23.90	25.93	26.19	23.99	0.03	0.00
GCC	35	23.97	25.89	26.04	24.10	0.01	0.00
GCC	36	23.82	26.01	26.22	23.95	0.04	0.00
GCC	37	23.90	25.94	26.19	23.97	0.04	0.00
GCC	38	23.96	25.83	26.11	24.10	0.03	0.00
GCC	39	23.80	26.04	26.25	23.92	0.04	0.00
GCC	40	23.80	26.03	26.22	23.94	0.02	0.00
GCC	41	23.91	25.94	26.13	24.02	0.02	0.00
GCC	42	23.75	26.08	26.30	23.87	0.01	0.00
GCC	43	23.84	26.04	26.22	23.90	0.01	0.00
GCC	44	23.91	25.97	26.13	24.00	0.01	0.00
GCC	45	23.78	26.05	26.29	23.88	0.00	0.00
GCC	46	23.82	26.02	26.25	23.91	0.01	0.00
GCC	47	23.90	25.94	26.15	24.01	0.01	0.00
GCC	48	23.74	26.12	26.29	23.84	0.02	0.00
GCC	49	23.74	26.07	26.27	23.93	0.00	0.00
GCC	50	23.85	25.94	26.15	24.06	0.01	0.00
GCC	51	23.74	26.14	26.26	23.85	0.00	0.00
GCC	52	23.79	26.06	26.26	23.88	0.01	0.00
GCC	53	23.90	25.97	26.13	24.00	0.01	0.00
GCC	54	23.74	26.09	26.34	23.83	0.01	0.00
GCC	55	23.74	26.10	26.29	23.86	0.02	0.00
GCC	56	23.89	25.98	26.16	23.96	0.03	0.00
GCC	57	23.71	26.16	26.31	23.81	0.02	0.00
GCC	58	23.78	26.08	26.24	23.90	0.01	0.00
GCC	59	23.92	25.97	26.11	24.00	0.01	0.00
GCC	60	23.76	26.09	26.30	23.85	0.00	0.00
GCC	61	23.77	26.11	26.26	23.86	0.00	0.00
GCC	62	23.84	26.01	26.14	24.02	0.00	0.00
GCC	63	23.72	26.14	26.34	23.80	0.00	0.00
GCC	64	23.77	26.07	26.27	23.89	0.01	0.00
GCC	65	23.86	26.04	26.15	23.95	0.00	0.00
GCC	66	23.73	26.09	26.32	23.85	0.01	0.00
GCC	67	23.78	26.08	26.25	23.89	0.00	0.00
GCC	68	23.90	25.98	26.14	23.97	0.02	0.00
GCC	69	23.70	26.13	26.31	23.86	0.01	0.00
GCC	70	23.74	26.08	26.26	23.92	0.01	0.00
GCC	71	23.85	25.99	26.15	24.01	0.01	0.00
GCC	72	23.72	26.13	26.32	23.82	0.02	0.00
GCC	73	23.76	26.08	26.29	23.88	0.02	0.00
GCC	74	23.90	25.97	26.16	23.97	0.02	0.00
GCC	75	23.71	26.14	26.34	23.81	0.04	0.00
GCC	76	23.74	26.10	26.28	23.87	0.06	0.00
GCC	77	23.84	26.02	26.16	23.98	0.05	0.00
GCC	78	23.70	26.12	26.35	23.83	0.00	0.00
GCC	79	23.70	26.12	26.27	23.90	0.02	0.00
GCC	80	23.82	25.99	26.21	23.98	0.03	0.00
GCC	81	23.73	26.13	26.34	23.81	0.05	0.00
GCC	82	23.74	26.12	26.26	23.88	0.04	0.00
GCC	83	23.83	26.04	26.17	23.96	0.05	0.00
GCC	84	23.70	26.12	26.37	23.81	0.03	0.00
GCC	85	23.70	26.10	26.34	23.87	0.03	0.00
GCC	86	23.85	26.03	26.18	23.94	0.02	0.00
GCC	87	23.66	26.16	26.35	23.83	0.00	0.00
GCC	88	23.73	26.11	26.32	23.83	0.02	0.00
GCC	89	23.84	26.06	26.21	23.90	0.02	0.00
GCC	90	23.65	26.18	26.39	23.78	0.03	0.00
GCC	91	23.73	26.11	26.33	23.83	0.01	0.00
GCC	92	23.79	26.08	26.20	23.92	0.02	0.00
GCC	93	23.66	26.20	26.38	23.76	0.03	0.00
GCC	94	23.69	26.15	26.32	23.84	0.03	0.00
GCC	95	23.79	26.07	26.25	23.89	0.02	0.00
GCC	96	23.64	26.26	26.35	23.75	0.03	0.00
GCC	97	23.66	26.14	26.38	23.81	0.01	0.00
GCC	98	23.77	26.08	26.27	23.87	0.01	0.00
GCC	99	23.61	26.22	26.40	23.77	0.01	0.00
GCC	100	23.57	26.26	26.46	23.71	0.00	0.00
# ACGT content per cycle for first fragments. Use `grep ^FBC | cut -f 2-` to extract this part. The columns are: cycle; A,C,G,T base counts as a percentage of all A/C/G/T bases [%]; and N and O counts as a percentage of all A/C/G/T bases [%]
FBC	1	23.71	26.10	26.36	23.83	0.06	0.00
FBC	2	24.45	25.43	25.64	24.47	0.00	0.00
FBC	3	24.22	25.61	25.83	24.34	0.00	0.00
FBC	4	24.13	25.70	25.95	24.22	0.00	0.00
FBC	5	24.20	25.68	25.82	24.30	0.00	0.00
FBC	6	23.84	25.96	26.17	24.02	0.00	0.00
FBC	7	24.09	25.71	25.89	24.31	0.00	0.00
FBC	8	24.31	25.53	25.73	24.43	0.00	0.00
FBC	9	24.21	25.65	25.84	24.30	0.00	0.00
FBC	10	24.34	25.52	25.71	24.44	0.00	0.00
FBC	11	24.38	25.42	25.67	24.53	0.00	0.00
FBC	12	24.22	25.60	25.81	24.37	0.00	0.00
FBC	13	24.38	25.50	25.69	24.44	0.00	0.00
FBC	14	24.45	25.40	25.59	24.56	0.00	0.00
FBC	15	24.27	25.58	25.78	24.38	0.00	0.00
FBC	16	24.26	25.60	25.77	24.37	0.00	0.00
FBC	17	24.28	25.56	25.72	24.44	0.00	0.00
FBC	18	24.14	25.80	25.90	24.16	0.00	0.00
FBC	19	24.10	25.80	25.86	24.24	0.00	0.00
FBC	20	24.18	25.64	25.85	24.33	0.00	0.00
FBC	21	23.97	25.84	26.07	24.12	0.00	0.00
FBC	22	23.99	25.82	25.99	24.20	0.00	0.00
FBC	23	24.15	25.72	25.89	24.24	0.00	0.00
FBC	24	23.94	25.84	26.12	24.11	0.00	0.00
FBC	25	23.99	25.86	26.04	24.11	0.00	0.00
FBC	26	24.06	25.76	25.97	24.20	0.00	0.00
FBC	27	23.86	25.98	26.18	23.98	0.01	0.00
FBC	28	23.92	25.91	26.09	24.07	0.00	0.00
FBC	29	24.01	25.80	26.04	24.15	0.00	0.00
FBC	30	23.82	25.99	26.20	23.99	0.00	0.00
FBC	31	23.93	25.92	26.15	24.00	0.00	0.00
FBC	32	24.02	25.84	26.03	24.10	0.00	0.00
FBC	33	23.83	25.99	26.27	23.91	0.00	0.00
FBC	34	23.91	25.95	26.15	23.99	0.01	0.00
FBC	35	24.01	25.82	26.04	24.12	0.00	0.00
FBC	36	23.78	26.05	26.24	23.93	0.00	0.00
FBC	37	23.91	25.87	26.19	24.02	0.01	0.00
FBC	38	23.98	25.81	26.08	24.13	0.00	0.00
FBC	39	23.81	26.03	26.21	23.95	0.00	0.00
FBC	40	23.81	26.01	26.23	23.95	0.00	0.00
FBC	41	23.95	25.92	26.07	24.06	0.00	0.00
FBC	42	23.80	26.06	26.28	23.85	0.00	0.00
FBC	43	23.85	26.00	26.23	23.93	0.00	0.00
FBC	44	23.93	25.96	26.10	24.01	0.00	0.00
FBC	45	23.77	26.01	26.27	23.94	0.00	0.00
FBC	46	23.84	25.98	26.24	23.94	0.00	0.00
FBC	47	23.93	25.95	26.11	24.02	0.00	0.00
FBC	48	23.79	26.07	26.27	23.86	0.00	0.00
FBC	49	23.78	26.02	26.22	23.98	0.00	0.00
FBC	50	23.91	25.89	26.13	24.08	0.00	0.00
FBC	51	23.76	26.11	26.24	23.89	0.00	0.00
FBC	52	23.80	26.05	26.20	23.95	0.00	0.00
FBC	53	23.96	25.91	26.10	24.02	0.00	0.00
FBC	54	23.78	26.06	26.31	23.85	0.00	0.00
FBC	55	23.75	26.09	26.24	23.91	0.00	0.00
FBC	56	23.94	25.94	26.12	24.00	0.00	0.00
FBC	57	23.76	26.08	26.29	23.87	0.01	0.00
FBC	58	23.87	26.05	26.15	23.93	0.00	0.00
FBC	59	23.93	25.95	26.08	24.03	0.00	0.00
FBC	60	23.77	26.07	26.28	23.89	0.00	0.00
FBC	61	23.78	26.09	26.25	23.88	0.01	0.00
FBC	62	23.89	25.99	26.09	24.03	0.01	0.00
FBC	63	23.74	26.10	26.33	23.83	0.00	0.00
FBC	64	23.81	26.07	26.22	23.90	0.00	0.00
FBC	65	23.90	25.97	26.14	23.99	0.00	0.00
FBC	66	23.73	26.03	26.33	23.91	0.00	0.00
FBC	67	23.83	26.04	26.22	23.91	0.00	0.00
FBC	68	23.94	25.96	26.10	24.00	0.02	0.00
FBC	69	23.70	26.13	26.29	23.88	0.01	0.00
FBC	70	23.74	26.04	26.28	23.94	0.00	0.00
FBC	71	23.87	25.95	26.11	24.06	0.01	0.00
FBC	72	23.70	26.11	26.34	23.84	0.01	0.00
FBC	73	23.75	26.08	26.30	23.88	0.00	0.00
FBC	74	23.92	25.96	26.13	23.99	0.00	0.00
FBC	75	23.73	26.14	26.33	23.81	0.00	0.00
FBC	76	23.75	26.04	26.31	23.90	0.00	0.00
FBC	77	23.87	25.99	26.09	24.04	0.00	0.00
FBC	78	23.72	26.05	26.36	23.87	0.00	0.00
FBC	79	23.74	26.07	26.24	23.95	0.00	0.00
FBC	80	23.87	25.94	26.18	24.00	0.00	0.00
FBC	81	23.75	26.08	26.30	23.87	0.01	0.00
FBC	82	23.75	26.11	26.23	23.91	0.00	0.00
FBC	83	23.86	25.99	26.19	23.97	0.04	0.00
FBC	84	23.70	26.10	26.36	23.84	0.01	0.00
FBC	85	23.72	26.06	26.30	23.91	0.01	0.00
FBC	86	23.88	25.97	26.14	24.01	0.00	0.00
FBC	87	23.72	26.10	26.30	23.88	0.00	0.00
FBC	88	23.77	26.07	26.28	23.88	0.01	0.00
FBC	89	23.87	26.03	26.18	23.91	0.01	0.00
FBC	90	23.67	26.13	26.35	23.86	0.00	0.00
FBC	91	23.76	26.09	26.34	23.82	0.01	0.00
FBC	92	23.83	26.01	26.18	23.97	0.02	0.00
FBC	93	23.66	26.14	26.39	23.80	0.02	0.00
FBC	94	23.70	26.10	26.31	23.88	0.01	0.00
FBC	95	23.82	26.01	26.22	23.95	0.02	0.00
FBC	96	23.67	26.19	26.37	23.77	0.01	0.00
FBC	97	23.69	26.07	26.33	23.91	0.02	0.00
FBC	98	23.83	26.02	26.21	23.94	0.00	0.00
FBC	99	23.65	26.18	26.34	23.83	0.00	0.00
FBC	100	23.60	26.18	26.43	23.79	0.00	0.00
# ACGT content per cycle for last fragments. Use `grep ^LBC | cut -f 2-` to extract this part. The columns are: cycle; A,C,G,T base counts as a percentage of all A/C/G/T bases [%]; and N and O counts as a percentage of all A/C/G/T bases [%]
LBC	1	23.65	26.11	26.41	23.83	0.16	0.00
LBC	2	24.35	25.51	25.74	24.40	0.09	0.00
LBC	3	23.91	25.93	26.10	24.05	0.08	0.00
LBC	4	23.60	26.26	26.36	23.78	0.10	0.00
LBC	5	24.07	25.75	25.98	24.20	0.10	0.00
LBC	6	23.71	26.11	26.35	23.82	0.01	0.00
LBC	7	23.98	25.79	26.08	24.15	0.00	0.00
LBC	8	24.26	25.59	25.79	24.37	0.03	0.00
LBC	9	24.17	25.64	25.89	24.31	0.01	0.00
LBC	10	24.21	25.57	25.78	24.43	0.02	0.00
LBC	11	24.35	25.46	25.70	24.50	0.01	0.00
LBC	12	24.20	25.63	25.78	24.38	0.04	0.00
LBC	13	24.33	25.55	25.69	24.43	0.04	0.00
LBC	14	24.45	25.40	25.63	24.52	0.05	0.00
LBC	15	24.26	25.57	25.76	24.41	0.03	0.00
LBC	16	24.27	25.59	25.74	24.40	0.03	0.00
LBC	17	24.26	25.54	25.70	24.50	0.02	0.00
LBC	18	24.11	25.76	25.89	24.24	0.05	0.00
LBC	19	24.14	25.74	25.92	24.20	0.03	0.00
LBC	20	24.21	25.69	25.82	24.28	0.04	0.00
LBC	21	23.98	25.85	26.02	24.14	0.07	0.00
LBC	22	24.06	25.82	26.00	24.12	0.04	0.00
LBC	23	24.14	25.71	25.92	24.24	0.04	0.00
LBC	24	23.87	25.97	26.13	24.03	0.03	0.00
LBC	25	23.96	25.88	26.10	24.06	0.01	0.00
LBC	26	24.06	25.81	25.97	24.16	0.01	0.00
LBC	27	23.88	25.98	26.14	23.99	0.01	0.00
LBC	28	23.94	25.89	26.14	24.03	0.02	0.00
LBC	29	24.01	25.80	26.05	24.14	0.01	0.00
LBC	30	23.87	26.04	26.16	23.93	0.00	0.00
LBC	31	23.94	25.92	26.12	24.02	0.03	0.00
LBC	32	24.02	25.86	26.03	24.08	0.02	0.00
LBC	33	23.81	26.06	26.23	23.90	0.06	0.00
LBC	34	23.88	25.91	26.22	23.99	0.06	0.00
LBC	35	23.94	25.95	26.03	24.08	0.01	0.00
LBC	36	23.86	25.96	26.20	23.98	0.07	0.00
LBC	37	23.88	26.01	26.19	23.93	0.07	0.00
LBC	38	23.95	25.84	26.14	24.08	0.07	0.00
LBC	39	23.78	26.05	26.29	23.88	0.08	0.00
LBC	40	23.79	26.05	26.22	23.93	0.03	0.00
LBC	41	23.86	25.97	26.18	23.99	0.03	0.00
LBC	42	23.70	26.09	26.32	23.89	0.03	0.00
LBC	43	23.82	26.09	26.21	23.88	0.02	0.00
LBC	44	23.90	25.97	26.15	23.98	0.02	0.00
LBC	45	23.79	26.09	26.30	23.82	0.01	0.00
LBC	46	23.81	26.05	26.26	23.88	0.03	0.00
LBC	47	23.87	25.93	26.19	24.01	0.02	0.00
LBC	48	23.69	26.17	26.32	23.82	0.03	0.00
LBC	49	23.70	26.12	26.31	23.88	0.01	0.00
LBC	50	23.80	25.99	26.17	24.04	0.02	0.00
LBC	51	23.72	26.17	26.29	23.82	0.01	0.00
LBC	52	23.78	26.07	26.33	23.82	0.01	0.00
LBC	53	23.84	26.02	26.17	23.97	0.03	0.00
LBC	54	23.70	26.13	26.36	23.81	0.02	0.00
LBC	55	23.74	26.11	26.34	23.81	0.03	0.00
LBC	56	23.83	26.03	26.21	23.92	0.06	0.00
LBC	57	23.67	26.24	26.33	23.76	0.02	0.00
LBC	58	23.69	26.10	26.34	23.87	0.02	0.00
LBC	59	23.90	25.98	26.15	23.97	0.02	0.00
LBC	60	23.75	26.11	26.33	23.81	0.00	0.00
LBC	61	23.75	26.12	26.27	23.85	0.00	0.00
LBC	62	23.79	26.03	26.19	24.00	0.00	0.00
LBC	63	23.70	26.18	26.35	23.76	0.01	0.00
LBC	64	23.73	26.07	26.32	23.87	0.02	0.00
LBC	65	23.81	26.10	26.17	23.92	0.01	0.00
LBC	66	23.73	26.16	26.31	23.80	0.02	0.00
LBC	67	23.72	26.12	26.29	23.87	0.01	0.00
LBC	68	23.86	26.00	26.19	23.95	0.02	0.00
LBC	69	23.70	26.13	26.33	23.84	0.00	0.00
LBC	70	23.74	26.11	26.24	23.90	0.02	0.00
LBC	71	23.83	26.02	26.19	23.95	0.02	0.00
LBC	72	23.75	26.15	26.30	23.80	0.03	0.00
LBC	73	23.76	26.08	26.28	23.88	0.05	0.00
LBC	74	23.87	25.97	26.20	23.95	0.03	0.00
LBC	75	23.70	26.14	26.36	23.80	0.07	0.00
LBC	76	23.73	26.16	26.26	23.85	0.11	0.00
LBC	77	23.80	26.06	26.23	23.92	0.10	0.00
LBC	78	23.69	26.18	26.35	23.78	0.01	0.00
LBC	79	23.67	26.17	26.31	23.85	0.04	0.00
LBC	80	23.78	26.05	26.23	23.95	0.06	0.00
LBC	81	23.71	26.18	26.37	23.74	0.08	0.00
LBC	82	23.73	26.12	26.28	23.86	0.08	0.00
LBC	83	23.79	26.10	26.16	23.96	0.06	0.00
LBC	84	23.70	26.15	26.38	23.77	0.04	0.00
LBC	85	23.67	26.14	26.37	23.83	0.04	0.00
LBC	86	23.82	26.10	26.21	23.87	0.04	0.00
LBC	87	23.60	26.23	26.39	23.78	0.00	0.00
LBC	88	23.70	26.16	26.37	23.78	0.03	0.00
LBC	89	23.81	26.08	26.23	23.88	0.02	0.00
LBC	90	23.64	26.23	26.43	23.71	0.06	0.00
LBC	91	23.70	26.14	26.32	23.84	0.01	0.00
LBC	92	23.76	26.16	26.21	23.87	0.02	0.00
LBC	93	23.66	26.25	26.38	23.71	0.03	0.00
LBC	94	23.67	26.20	26.34	23.79	0.04	0.00
LBC	95	23.76	26.12	26.29	23.83	0.02	0.00
LBC	96	23.62	26.33	26.33	23.73	0.05	0.00
LBC	97	23.64	26.21	26.44	23.71	0.01	0.00
LBC	98	23.71	26.15	26.33	23.81	0.03	0.00
LBC	99	23.56	26.27	26.45	23.72	0.01	0.00
LBC	100	23.55	26.34	26.48	23.63	0.01	0.00
# Insert sizes. Use `grep ^IS | cut -f 2-` to extract this part. The columns are: insert size, pairs total, inward oriented pairs, outward oriented pairs, other pairs
IS	0	0	0	0	0
IS	1	0	0	0	0
IS	2	0	0	0	0
IS	3	0	0	0	0
IS	4	0	0	0	0
IS	5	0	0	0	0
IS	6	0	0	0	0
IS	7	0	0	0	0
IS	8	0	0	0	0
IS	9	0	0	0	0
IS	10	0	0	0	0
IS	11	0	0	0	0
IS	12	0	0	0	0
IS	13	0	0	0	0
IS	14	0	0	0	0
IS	15	0	0	0	0
IS	16	0	0	0	0
IS	17	0	0	0	0
IS	18	0	0	0	0
IS	19	0	0	0	0
IS	20	0	0	0	0
IS	21	0	0	0	0
IS	22	0	0	0	0
IS	23	0	0	0	0
IS	24	0	0	0	0
IS	25	0	0	0	0
IS	26	0	0	0	0
IS	27	0	0	0	0
IS	28	0	0	0	0
IS	29	2	1	1	0
IS	30	1	1	0	0
IS	31	1	1	0	0
IS	32	0	0	0	0
IS	33	1	1	0	0
IS	34	2	2	0	0
IS	35	1	0	1	0
IS	36	0	0	0	0
IS	37	2	0	1	1
IS	38	1	1	0	0
IS	39	0	0	0	0
IS	40	2	1	1	0
IS	41	0	0	0	0
IS	42	1	0	0	1
IS	43	0	0	0	0
IS	44	1	1	0	0
IS	45	1	1	0	0
IS	46	1	0	1	0
IS	47	1	1	0	0
IS	48	3	2	0	1
IS	49	1	1	0	0
IS	50	2	0	0	2
IS	51	0	0	0	0
IS	52	2	2	0	0
IS	53	3	1	2	0
IS	54	3	2	1	0
IS	55	2	0	1	1
IS	56	0	0	0	0
IS	57	3	2	1	0
IS	58	3	3	0	0
IS	59	1	1	0	0
IS	60	1	0	0	1
IS	61	1	0	1	0
IS	62	6	5	1	0
IS	63	5	3	1	1
IS	64	2	1	1	0
IS	65	3	0	3	0
IS	66	6	1	5	0
IS	67	4	3	1	0
IS	68	5	3	0	2
IS	69	6	4	0	2
IS	70	4	2	2	0
IS	71	0	0	0	0
IS	72	6	2	4	0
IS	73	2	2	0	0
IS	74	4	1	3	0
IS	75	5	1	4	0
IS	76	7	3	4	0
IS	77	8	5	1	2
IS	78	5	4	1	0
IS	79	8	4	4	0
IS	80	12	5	6	1
IS	81	15	7	8	0
IS	82	9	4	5	0
IS	83	12	9	3	0
IS	84	22	10	11	1
IS	85	18	10	8	0
IS	86	14	7	7	0
IS	87	27	17	9	1
IS	88	30	16	14	0
IS	89	34	16	18	0
IS	90	53	27	26	0
IS	91	59	25	34	0
IS	92	77	43	34	0
IS	93	82	34	48	0
IS	94	87	37	50	0
IS	95	140	63	77	0
IS	96	112	49	62	1
IS	97	167	73	94	0
IS	98	192	78	114	0
IS	99	185	25	159	1
IS	100	301	160	141	0
IS	101	354	345	9	0
IS	102	410	410	0	0
IS	103	459	459	0	0
IS	104	532	532	0	0
IS	105	581	581	0	0
IS	106	696	696	0	0
IS	107	738	738	0	0
IS	108	828	828	0	0
IS	109	892	892	0	0
IS	110	1022	1022	0	0
IS	111	1134	1133	0	1
IS	112	1262	1261	0	1
IS	113	1356	1356	0	0
IS	114	1433	1433	0	0
IS	115	1616	1616	0	0
IS	116	1824	1824	0	0
IS	117	1925	1925	0	0
IS	118	1954	1954	0	0
IS	119	2148	2148	0	0
IS	120	2246	2246	0	0
IS	121	2480	2479	1	0
IS	122	2547	2547	0	0
IS	123	2753	2753	0	0
IS	124	2932	2931	0	1
IS	125	3035	3035	0	0
IS	126	3262	3262	0	0
IS	127	3307	3306	0	1
IS	128	3529	3529	0	0
IS	129	3703	3703	0	0
IS	130	3733	3733	0	0
IS	131	3961	3961	0	0
IS	132	4042	4042	0	0
IS	133	4221	4221	0	0
IS	134	4369	4369	0	0
IS	135	4472	4472	0	0
IS	136	4599	4599	0	0
IS	137	4777	4777	0	0
IS	138	4905	4905	0	0
IS	139	5096	5096	0	0
IS	140	5116	5116	0	0
IS	141	5290	5290	0	0
IS	142	5368	5368	0	0
IS	143	5597	5597	0	0
IS	144	5700	5700	0	0
IS	145	5897	5897	0	0
IS	146	6003	6003	0	0
IS	147	5992	5992	0	0
IS	148	6126	6125	1	0
IS	149	6212	6212	0	0
IS	150	6443	6443	0	0
IS	151	6448	6448	0	0
IS	152	6699	6699	0	0
IS	153	6890	6890	0	0
IS	154	6862	6862	0	0
IS	155	6954	6954	0	0
IS	156	7093	7092	0	1
IS	157	7324	7323	0	1
IS	158	7494	7494	0	0
IS	159	7366	7366	0	0
IS	160	7512	7512	0	0
IS	161	7558	7558	0	0
IS	162	7645	7645	0	0
IS	163	7860	7860	0	0
IS	164	7923	7923	0	0
IS	165	7842	7841	0	1
IS	166	7975	7975	0	0
IS	167	8096	8096	0	0
IS	168	8197	8197	0	0
IS	169	8155	8155	0	0
IS	170	8186	8186	0	0
IS	171	8315	8315	0	0
IS	172	8552	8552	0	0
IS	173	8538	8538	0	0
IS	174	8570	8570	0	0
IS	175	8679	8679	0	0
IS	176	8703	8703	0	0
IS	177	8666	8666	0	0
IS	178	8918	8918	0	0
IS	179	8932	8932	0	0
IS	180	8933	8933	0	0
IS	181	9122	9122	0	0
IS	182	8756	8756	0	0
IS	183	9150	9149	1	0
IS	184	9051	9051	0	0
IS	185	9261	9261	0	0
IS	186	9229	9228	0	1
IS	187	9193	9193	0	0
IS	188	9277	9277	0	0
IS	189	9602	9602	0	0
IS	190	9273	9273	0	0
IS	191	9327	9327	0	0
IS	192	9245	9245	0	0
IS	193	9396	9396	0	0
IS	194	9209	9209	0	0
IS	195	9426	9425	1	0
IS	196	9247	9247	0	0
IS	197	9393	9392	0	1
IS	198	9336	9336	0	0
IS	199	9631	9631	0	0
IS	200	9440	9440	0	0
IS	201	9621	9621	0	0
IS	202	9824	9824	0	0
IS	203	9643	9643	0	0
IS	204	9448	9447	1	0
IS	205	9580	9580	0	0
IS	206	9432	9432	0	0
IS	207	9504	9504	0	0
IS	208	9393	9392	1	0
IS	209	9384	9383	1	0
IS	210	9567	9567	0	0
IS	211	9331	9330	1	0
IS	212	9401	9401	0	0
IS	213	9519	9519	0	0
IS	214	9336	9336	0	0
IS	215	9296	9296	0	0
IS	216	9427	9426	1	0
IS	217	9256	9255	1	0
IS	218	9487	9487	0	0
IS	219	9287	9287	0	0
IS	220	9311	9311	0	0
IS	221	9328	9328	0	0
IS	222	9364	9364	0	0
IS	223	9279	9279	0	0
IS	224	9006	9005	1	0
IS	225	9150	9150	0	0
IS	226	9222	9222	0	0
IS	227	9169	9169	0	0
IS	228	9118	9118	0	0
IS	229	9031	9031	0	0
IS	230	9129	9129	0	0
IS	231	9005	9004	1	0
IS	232	8812	8812	0	0
IS	233	9227	9226	1	0
IS	234	8878	8878	0	0
IS	235	8964	8964	0	0
IS	236	8699	8699	0	0
IS	237	8658	8658	0	0
IS	238	8660	8660	0	0
IS	239	8610	8610	0	0
IS	240	8637	8636	1	0
IS	241	8744	8744	0	0
IS	242	8607	8607	0	0
IS	243	8600	8600	0	0
IS	244	8610	8610	0	0
IS	245	8609	8609	0	0
IS	246	8437	8437	0	0
IS	247	8352	8351	0	1
IS	248	8406	8404	1	1
IS	249	8305	8305	0	0
IS	250	8370	8369	1	0
IS	251	8205	8205	0	0
IS	252	8204	8204	0	0
IS	253	8261	8261	0	0
IS	254	8011	8011	0	0
IS	255	8115	8115	0	0
IS	256	7947	7947	0	0
IS	257	8007	8007	0	0
IS	258	7976	7976	0	0
IS	259	7850	7850	0	0
IS	260	7735	7735	0	0
IS	261	7766	7766	0	0
IS	262	7840	7839	1	0
IS	263	7674	7674	0	0
IS	264	7672	7672	0	0
IS	265	7484	7484	0	0
IS	266	7613	7613	0	0
IS	267	7550	7550	0	0
IS	268	7482	7482	0	0
IS	269	7303	7303	0	0
IS	270	7438	7437	1	0
IS	271	7351	7351	0	0
IS	272	7154	7154	0	0
IS	273	7203	7203	0	0
IS	274	7187	7187	0	0
IS	275	7311	7310	1	0
IS	276	7036	7035	1	0
IS	277	7177	7177	0	0
IS	278	7010	7010	0	0
IS	279	6941	6941	0	0
IS	280	6674	6674	0	0
IS	281	6776	6775	1	0
IS	282	6724	6724	0	0
IS	283	6747	6747	0	0
IS	284	6643	6643	0	0
IS	285	6598	6598	0	0
IS	286	6527	6527	0	0
IS	287	6506	6506	0	0
IS	288	6276	6276	0	0
IS	289	6231	6231	0	0
IS	290	6277	6277	0	0
IS	291	6255	6255	0	0
IS	292	6346	6346	0	0
IS	293	6247	6247	0	0
IS	294	6295	6295	0	0
IS	295	6107	6107	0	0
IS	296	6110	6110	0	0
IS	297	5964	5964	0	0
IS	298	5912	5912	0	0
IS	299	5951	5951	0	0
IS	300	5883	5883	0	0
IS	301	5842	5842	0	0
IS	302	5623	5623	0	0
IS	303	5758	5758	0	0
IS	304	5683	5683	0	0
IS	305	5786	5785	1	0
IS	306	5682	5682	0	0
IS	307	5550	5550	0	0
IS	308	5625	5625	0	0
IS	309	5438	5437	1	0
IS	310	5499	5499	0	0
IS	311	5373	5373	0	0
IS	312	5420	5420	0	0
IS	313	5399	5399	0	0
IS	314	5222	5222	0	0
IS	315	5217	5216	1	0
IS	316	5262	5261	0	1
IS	317	5095	5095	0	0
IS	318	5120	5120	0	0
IS	319	4915	4914	1	0
IS	320	5118	5118	0	0
IS	321	5035	5035	0	0
IS	322	4870	4870	0	0
IS	323	4956	4955	1	0
IS	324	4861	4860	1	0
IS	325	5000	5000	0	0
IS	326	4773	4773	0	0
IS	327	4775	4775	0	0
IS	328	4658	4658	0	0
IS	329	4688	4688	0	0
IS	330	4675	4675	0	0
IS	331	4601	4601	0	0
IS	332	4675	4675	0	0
IS	333	4365	4365	0	0
IS	334	4395	4395	0	0
IS	335	4371	4371	0	0
IS	336	4332	4332	0	0
IS	337	4367	4367	0	0
IS	338	4384	4384	0	0
IS	339	4251	4251	0	0
IS	340	4272	4271	1	0
IS	341	4275	4275	0	0
IS	342	4134	4134	0	0
IS	343	4124	4123	1	0
IS	344	4073	4073	0	0
IS	345	4091	4091	0	0
IS	346	4083	4083	0	0
IS	347	4063	4062	1	0
IS	348	4002	4002	0	0
IS	349	3938	3938	0	0
IS	350	3906	3906	0	0
IS	351	3889	3889	0	0
IS	352	3734	3734	0	0
IS	353	3781	3781	0	0
IS	354	3738	3738	0	0
IS	355	3703	3703	0	0
IS	356	3644	3644	0	0
IS	357	3602	3602	0	0
IS	358	3546	3546	0	0
IS	359	3635	3635	0	0
IS	360	3587	3587	0	0
IS	361	3557	3557	0	0
IS	362	3520	3520	0	0
IS	363	3489	3489	0	0
IS	364	3439	3439	0	0
IS	365	3381	3381	0	0
IS	366	3295	3295	0	0
IS	367	3378	3378	0	0
IS	368	3360	3360	0	0
IS	369	3339	3339	0	0
IS	370	3228	3228	0	0
IS	371	3273	3273	0	0
IS	372	3262	3262	0	0
IS	373	3153	3153	0	0
IS	374	3143	3143	0	0
IS	375	3105	3105	0	0
IS	376	3045	3045	0	0
IS	377	3051	3051	0	0
IS	378	3058	3058	0	0
IS	379	3007	3007	0	0
IS	380	2977	2977	0	0
IS	381	2920	2920	0	0
IS	382	2812	2812	0	0
IS	383	2791	2791	0	0
IS	384	2871	2871	0	0
IS	385	2690	2690	0	0
IS	386	2809	2809	0	0
IS	387	2789	2789	0	0
IS	388	2746	2745	0	1
IS	389	2727	2727	0	0
IS	390	2699	2699	0	0
IS	391	2595	2595	0	0
IS	392	2553	2552	0	1
IS	393	2611	2610	1	0
IS	394	2564	2564	0	0
IS	395	2625	2625	0	0
IS	396	2525	2525	0	0
IS	397	2501	2501	0	0
IS	398	2439	2439	0	0
IS	399	2382	2382	0	0
IS	400	2362	2362	0	0
IS	401	2501	2501	0	0
IS	402	2405	2405	0	0
IS	403	2305	2305	0	0
IS	404	2364	2364	0	0
IS	405	2330	2330	0	0
IS	406	2349	2348	1	0
IS	407	2385	2385	0	0
IS	408	2311	2311	0	0
IS	409	2240	2240	0	0
IS	410	2181	2181	0	0
IS	411	2173	2173	0	0
IS	412	2193	2193	0	0
IS	413	2103	2103	0	0
IS	414	2119	2119	0	0
IS	415	2120	2120	0	0
IS	416	2165	2165	0	0
IS	417	1948	1948	0	0
IS	418	2040	2040	0	0
IS	419	2015	2015	0	0
IS	420	2034	2034	0	0
IS	421	1917	1917	0	0
IS	422	1937	1937	0	0
IS	423	1877	1877	0	0
IS	424	1975	1975	0	0
IS	425	1870	1870	0	0
IS	426	1911	1911	0	0
IS	427	1769	1769	0	0
IS	428	1807	1807	0	0
IS	429	1837	1837	0	0
IS	430	1785	1785	0	0
IS	431	1838	1838	0	0
IS	432	1771	1771	0	0
IS	433	1672	1672	0	0
IS	434	1709	1709	0	0
IS	435	1689	1689	0	0
IS	436	1686	1686	0	0
IS	437	1661	1661	0	0
IS	438	1770	1770	0	0
IS	439	1635	1635	0	0
IS	440	1597	1597	0	0
IS	441	1607	1607	0	0
IS	442	1584	1584	0	0
IS	443	1684	1684	0	0
IS	444	1497	1497	0	0
IS	445	1526	1526	0	0
IS	446	1488	1488	0	0
IS	447	1526	1526	0	0
IS	448	1498	1498	0	0
IS	449	1476	1476	0	0
IS	450	1462	1462	0	0
IS	451	1407	1407	0	0
IS	452	1406	1406	0	0
IS	453	1408	1408	0	0
IS	454	1411	1411	0	0
IS	455	1438	1438	0	0
IS	456	1399	1399	0	0
IS	457	1361	1361	0	0
IS	458	1354	1354	0	0
IS	459	1320	1320	0	0
IS	460	1311	1311	0	0
IS	461	1317	1317	0	0
IS	462	1300	1300	0	0
IS	463	1241	1241	0	0
IS	464	1186	1186	0	0
IS	465	1236	1236	0	0
IS	466	1328	1328	0	0
IS	467	1185	1185	0	0
IS	468	1173	1173	0	0
IS	469	1233	1233	0	0
IS	470	1231	1231	0	0
IS	471	1160	1160	0	0
IS	472	1197	1197	0	0
IS	473	1206	1206	0	0
IS	474	1150	1150	0	0
IS	475	1101	1101	0	0
IS	476	1140	1140	0	0
IS	477	1105	1105	0	0
IS	478	1119	1119	0	0
IS	479	1107	1107	0	0
IS	480	1015	1014	1	0
IS	481	1009	1009	0	0
IS	482	959	959	0	0
IS	483	1048	1047	0	1
IS	484	969	969	0	0
IS	485	992	992	0	0
IS	486	979	979	0	0
IS	487	920	920	0	0
IS	488	1047	1047	0	0
IS	489	979	979	0	0
IS	490	961	961	0	0
IS	491	940	940	0	0
IS	492	958	958	0	0
IS	493	931	931	0	0
IS	494	885	885	0	0
IS	495	942	942	0	0
IS	496	912	912	0	0
IS	497	908	908	0	0
IS	498	887	887	0	0
IS	499	899	899	0	0
IS	500	826	826	0	0
IS	501	899	899	0	0
IS	502	805	805	0	0
IS	503	848	848	0	0
IS	504	789	789	0	0
IS	505	818	818	0	0
IS	506	766	766	0	0
IS	507	775	775	0	0
IS	508	785	785	0	0
IS	509	790	790	0	0
IS	510	756	756	0	0
IS	511	750	750	0	0
IS	512	755	755	0	0
IS	513	682	682	0	0
IS	514	701	701	0	0
IS	515	700	700	0	0
IS	516	698	698	0	0
IS	517	656	656	0	0
IS	518	713	713	0	0
IS	519	667	667	0	0
IS	520	680	680	0	0
IS	521	668	668	0	0
IS	522	667	667	0	0
IS	523	643	642	0	1
IS	524	630	630	0	0
IS	525	592	592	0	0
IS	526	640	640	0	0
IS	527	643	643	0	0
IS	528	629	629	0	0
IS	529	629	629	0	0
IS	530	603	603	0	0
IS	531	565	565	0	0
IS	532	580	580	0	0
IS	533	589	589	0	0
IS	534	620	620	0	0
IS	535	527	527	0	0
IS	536	556	555	0	1
IS	537	544	544	0	0
IS	538	521	521	0	0
IS	539	535	535	0	0
IS	540	533	533	0	0
IS	541	469	468	0	1
IS	542	497	497	0	0
IS	543	537	537	0	0
IS	544	524	524	0	0
IS	545	488	488	0	0
IS	546	491	491	0	0
IS	547	500	500	0	0
IS	548	470	470	0	0
IS	549	454	454	0	0
IS	550	457	457	0	0
IS	551	471	471	0	0
IS	552	484	484	0	0
IS	553	477	477	0	0
IS	554	428	428	0	0
IS	555	490	490	0	0
IS	556	438	438	0	0
IS	557	424	424	0	0
IS	558	420	420	0	0
IS	559	397	397	0	0
IS	560	401	400	0	1
IS	561	417	417	0	0
IS	562	382	382	0	0
IS	563	389	389	0	0
IS	564	409	409	0	0
IS	565	416	416	0	0
IS	566	403	403	0	0
IS	567	359	359	0	0
IS	568	401	401	0	0
IS	569	352	352	0	0
IS	570	368	368	0	0
IS	571	378	378	0	0
IS	572	343	343	0	0
IS	573	357	357	0	0
IS	574	338	338	0	0
IS	575	360	360	0	0
IS	576	351	351	0	0
IS	577	327	327	0	0
IS	578	342	342	0	0
IS	579	300	300	0	0
IS	580	299	299	0	0
IS	581	322	322	0	0
IS	582	324	324	0	0
IS	583	295	295	0	0
IS	584	310	310	0	0
IS	585	275	275	0	0
IS	586	317	317	0	0
IS	587	285	285	0	0
IS	588	289	289	0	0
IS	589	302	302	0	0
IS	590	311	311	0	0
IS	591	296	296	0	0
IS	592	292	292	0	0
# Read lengths. Use `grep ^RL | cut -f 2-` to extract this part. The columns are: read length, count
RL	100	4114516
# Read lengths - first fragments. Use `grep ^FRL | cut -f 2-` to extract this part. The columns are: read length, count
FRL	100	2055291
# Read lengths - last fragments. Use `grep ^LRL | cut -f 2-` to extract this part. The columns are: read length, count
LRL	100	2059225
# Indel distribution. Use `grep ^ID | cut -f 2-` to extract this part. The columns are: length, number of insertions, number of deletions
ID	1	87951	175761
ID	2	8893	10528
ID	3	2842	2042
ID	4	558	827
ID	5	575	226
ID	6	195	35
ID	7	210	67
ID	8	45	31
ID	9	5	26
ID	10	56	6
ID	11	3	11
ID	12	0	3
ID	13	2	1
ID	14	32	0
ID	15	21	86
ID	16	12	82
ID	17	9	13
ID	18	3	6
ID	19	14	8
ID	20	4	19
ID	21	9	53
ID	22	30	27
ID	23	12	5
ID	24	24	20
ID	25	23	29
ID	26	9	6
ID	27	8	8
ID	28	12	12
ID	29	16	17
ID	30	1	2
ID	31	3	3
ID	33	0	2
ID	34	0	1
ID	35	4	0
# Indels per cycle. Use `grep ^IC | cut -f 2-` to extract this part. The columns are: cycle, number of insertions (fwd), .. (rev) , number of deletions (fwd), .. (rev)
IC	1	0	0	1	0
IC	3	0	0	677	655
IC	4	627	556	1053	1020
IC	5	596	628	1128	1081
IC	6	570	575	1036	1010
IC	7	535	513	1011	1002
IC	8	492	520	967	1017
IC	9	512	507	1049	1044
IC	10	544	535	1101	998
IC	11	518	546	1082	1019
IC	12	551	517	1059	985
IC	13	515	589	1040	1076
IC	14	570	564	1025	1089
IC	15	548	557	1062	1068
IC	16	560	573	1026	1066
IC	17	554	553	1080	1073
IC	18	571	537	1046	1084
IC	19	573	513	1036	1090
IC	20	591	531	1030	1034
IC	21	606	558	1048	1026
IC	22	524	550	1045	1030
IC	23	558	552	1088	1067
IC	24	513	551	1027	1047
IC	25	551	555	1029	1067
IC	26	584	530	1077	1078
IC	27	563	551	1118	1005
IC	28	562	527	996	960
IC	29	535	534	1034	1000
IC	30	556	575	1040	1071
IC	31	557	523	1025	1013
IC	32	570	572	999	1004
IC	33	562	545	1032	1058
IC	34	562	581	1002	1071
IC	35	581	564	966	1055
IC	36	592	538	1052	1035
IC	37	560	576	1044	1009
IC	38	533	509	1074	997
IC	39	560	559	1027	1029
IC	40	552	584	1006	1049
IC	41	570	583	1005	1033
IC	42	554	530	1059	1021
IC	43	529	533	979	1051
IC	44	635	508	1080	1027
IC	45	591	559	965	1050
IC	46	589	529	1030	1060
IC	47	491	523	1037	1056
IC	48	507	553	1073	1004
IC	49	549	594	1029	1063
IC	50	521	584	1010	1047
IC	51	544	542	1071	1011
IC	52	536	543	1034	1028
IC	53	566	527	988	1023
IC	54	563	476	1080	1004
IC	55	568	548	1062	1013
IC	56	544	520	940	998
IC	57	592	543	1012	1006
IC	58	559	538	998	1023
IC	59	574	539	1008	1004
IC	60	547	508	973	991
IC	61	548	551	950	958
IC	62	517	507	1015	958
IC	63	519	525	1049	974
IC	64	542	509	999	979
IC	65	543	521	989	994
IC	66	508	519	998	966
IC	67	554	572	962	1001
IC	68	530	518	1029	947
IC	69	578	537	991	1023
IC	70	564	537	996	954
IC	71	493	554	997	979
IC	72	534	539	1064	1013
IC	73	525	540	977	992
IC	74	549	528	1011	1005
IC	75	537	566	996	980
IC	76	552	552	988	963
IC	77	544	528	965	972
IC	78	524	554	997	963
IC	79	570	556	990	970
IC	80	507	521	961	1006
IC	81	540	532	988	963
IC	82	570	519	1041	979
IC	83	468	554	965	951
IC	84	532	518	994	958
IC	85	562	536	926	964
IC	86	537	506	961	894
IC	87	528	484	970	959
IC	88	511	505	951	867
IC	89	495	462	961	937
IC	90	481	472	949	946
IC	91	499	492	901	954
IC	92	494	484	924	840
IC	93	443	431	864	835
IC	94	505	478	928	896
IC	95	495	529	933	956
IC	96	468	499	899	877
IC	97	543	572	604	641
# Coverage distribution. Use `grep ^COV | cut -f 2-` to extract this part.
COV	[1-1]	1	447205
COV	[2-2]	2	325508
COV	[3-3]	3	278074
COV	[4-4]	4	251400
COV	[5-5]	5	233228
COV	[6-6]	6	216227
COV	[7-7]	7	204552
COV	[8-8]	8	195369
COV	[9-9]	9	186451
COV	[10-10]	10	178237
COV	[11-11]	11	176047
COV	[12-12]	12	172911
COV	[13-13]	13	171976
COV	[14-14]	14	165703
COV	[15-15]	15	166578
COV	[16-16]	16	165016
COV	[17-17]	17	164271
COV	[18-18]	18	164015
COV	[19-19]	19	163276
COV	[20-20]	20	160876
COV	[21-21]	21	161073
COV	[22-22]	22	159054
COV	[23-23]	23	158116
COV	[24-24]	24	155511
COV	[25-25]	25	155381
COV	[26-26]	26	153241
COV	[27-27]	27	152477
COV	[28-28]	28	151054
COV	[29-29]	29	149361
COV	[30-30]	30	147215
COV	[31-31]	31	146065
COV	[32-32]	32	142561
COV	[33-33]	33	139028
COV	[34-34]	34	135751
COV	[35-35]	35	132211
COV	[36-36]	36	130201
COV	[37-37]	37	126310
COV	[38-38]	38	123314
COV	[39-39]	39	120415
COV	[40-40]	40	117627
COV	[41-41]	41	114847
COV	[42-42]	42	111481
COV	[43-43]	43	108473
COV	[44-44]	44	106557
COV	[45-45]	45	104019
COV	[46-46]	46	101685
COV	[47-47]	47	97874
COV	[48-48]	48	95995
COV	[49-49]	49	93657
COV	[50-50]	50	91867
COV	[51-51]	51	89251
COV	[52-52]	52	87126
COV	[53-53]	53	85500
COV	[54-54]	54	83138
COV	[55-55]	55	81707
COV	[56-56]	56	80715
COV	[57-57]	57	80157
COV	[58-58]	58	77838
COV	[59-59]	59	76394
COV	[60-60]	60	76340
COV	[61-61]	61	75386
COV	[62-62]	62	74170
COV	[63-63]	63	73434
COV	[64-64]	64	71580
COV	[65-65]	65	71620
COV	[66-66]	66	71665
COV	[67-67]	67	69409
COV	[68-68]	68	68722
COV	[69-69]	69	68317
COV	[70-70]	70	67639
COV	[71-71]	71	65115
COV	[72-72]	72	63869
COV	[73-73]	73	63056
COV	[74-74]	74	62659
COV	[75-75]	75	62188
COV	[76-76]	76	60961
COV	[77-77]	77	59947
COV	[78-78]	78	59604
COV	[79-79]	79	58582
COV	[80-80]	80	57593
COV	[81-81]	81	56322
COV	[82-82]	82	55492
COV	[83-83]	83	53565
COV	[84-84]	84	52918
COV	[85-85]	85	51224
COV	[86-86]	86	50166
COV	[87-87]	87	48721
COV	[88-88]	88	47696
COV	[89-89]	89	45708
COV	[90-90]	90	44527
COV	[91-91]	91	43231
COV	[92-92]	92	41636
COV	[93-93]	93	39048
COV	[94-94]	94	37361
COV	[95-95]	95	34745
COV	[96-96]	96	32607
COV	[97-97]	97	30977
COV	[98-98]	98	28886
COV	[99-99]	99	26490
COV	[100-100]	100	23890
COV	[101-101]	101	21474
COV	[102-102]	102	19150
COV	[103-103]	103	17063
COV	[104-104]	104	15386
COV	[105-105]	105	13904
COV	[106-106]	106	12277
COV	[107-107]	107	10548
COV	[108-108]	108	9427
COV	[109-109]	109	8260
COV	[110-110]	110	7387
COV	[111-111]	111	6271
COV	[112-112]	112	5487
COV	[113-113]	113	4857
COV	[114-114]	114	4072
COV	[115-115]	115	3370
COV	[116-116]	116	2809
COV	[117-117]	117	2338
COV	[118-118]	118	1967
COV	[119-119]	119	1482
COV	[120-120]	120	1258
COV	[121-121]	121	1092
COV	[122-122]	122	924
COV	[123-123]	123	850
COV	[124-124]	124	666
COV	[125-125]	125	569
COV	[126-126]	126	434
COV	[127-127]	127	359
COV	[128-128]	128	328
COV	[129-129]	129	271
COV	[130-130]	130	247
COV	[131-131]	131	215
COV	[132-132]	132	203
COV	[133-133]	133	155
COV	[134-134]	134	156
COV	[135-135]	135	176
COV	[136-136]	136	152
COV	[137-137]	137	157
COV	[138-138]	138	130
COV	[139-139]	139	115
COV	[140-140]	140	118
COV	[141-141]	141	102
COV	[142-142]	142	103
COV	[143-143]	143	72
COV	[144-144]	144	99
COV	[145-145]	145	95
COV	[146-146]	146	80
COV	[147-147]	147	78
COV	[148-148]	148	86
COV	[149-149]	149	90
COV	[150-150]	150	93
COV	[151-151]	151	82
COV	[152-152]	152	70
COV	[153-153]	153	57
COV	[154-154]	154	46
COV	[155-155]	155	58
COV	[156-156]	156	50
COV	[157-157]	157	44
COV	[158-158]	158	41
COV	[159-159]	159	42
COV	[160-160]	160	37
COV	[161-161]	161	38
COV	[162-162]	162	39
COV	[163-163]	163	41
COV	[164-164]	164	34
COV	[165-165]	165	24
COV	[166-166]	166	23
COV	[167-167]	167	27
COV	[168-168]	168	25
COV	[169-169]	169	23
COV	[170-170]	170	29
COV	[171-171]	171	29
COV	[172-172]	172	45
COV	[173-173]	173	38
COV	[174-174]	174	33
COV	[175-175]	175	28
COV	[176-176]	176	23
COV	[177-177]	177	27
COV	[178-178]	178	22
COV	[179-179]	179	19
COV	[180-180]	180	27
COV	[181-181]	181	20
COV	[182-182]	182	25
COV	[183-183]	183	28
COV	[184-184]	184	16
COV	[185-185]	185	17
COV	[186-186]	186	30
COV	[187-187]	187	26
COV	[188-188]	188	14
COV	[189-189]	189	20
COV	[190-190]	190	18
COV	[191-191]	191	23
COV	[192-192]	192	30
COV	[193-193]	193	17
COV	[194-194]	194	18
COV	[195-195]	195	11
COV	[196-196]	196	5
COV	[197-197]	197	4
COV	[198-198]	198	6
COV	[199-199]	199	7
COV	[200-200]	200	7
COV	[201-201]	201	4
COV	[202-202]	202	2
COV	[203-203]	203	4
COV	[204-204]	204	7
COV	[205-205]	205	3
COV	[206-206]	206	4
COV	[207-207]	207	6
COV	[208-208]	208	2
COV	[209-209]	209	2
COV	[210-210]	210	4
COV	[211-211]	211	4
COV	[212-212]	212	4
COV	[213-213]	213	3
COV	[214-214]	214	3
COV	[215-215]	215	3
COV	[216-216]	216	1
COV	[217-217]	217	4
COV	[219-219]	219	1
COV	[220-220]	220	3
COV	[222-222]	222	2
COV	[223-223]	223	1
COV	[224-224]	224	1
COV	[225-225]	225	2
COV	[226-226]	226	2
COV	[227-227]	227	2
COV	[228-228]	228	5
COV	[229-229]	229	1
# GC-depth. Use `grep ^GCD | cut -f 2-` to extract this part. The columns are: GC%, unique sequence percentiles, 10th, 25th, 50th, 75th and 90th depth percentile
GCD	0.0	1.072	0.000	0.005	0.005	0.005	0.005
GCD	5.0	1.132	0.005	0.005	0.005	0.005	0.005
GCD	8.0	1.310	0.005	0.005	0.005	0.005	0.005
GCD	9.0	1.429	0.005	0.005	0.005	0.010	0.010
GCD	10.0	1.549	0.005	0.005	0.005	0.005	0.005
GCD	11.0	1.608	0.005	0.005	0.005	0.005	0.005
GCD	12.0	1.668	0.010	0.010	0.010	0.010	0.010
GCD	13.0	1.787	0.005	0.005	0.005	0.015	0.015
GCD	15.0	1.965	0.005	0.005	0.010	0.010	0.010
GCD	16.0	2.263	0.005	0.005	0.010	0.010	0.025
GCD	17.0	2.382	0.005	0.005	0.005	0.010	0.010
GCD	18.0	2.501	0.005	0.005	0.005	0.020	0.020
GCD	19.0	2.740	0.010	0.010	0.010	0.015	0.020
GCD	20.0	2.859	0.005	0.005	0.005	0.005	0.005
GCD	21.0	2.918	0.105	0.105	0.105	0.105	0.105
GCD	22.0	3.038	0.005	0.005	0.005	0.060	0.060
GCD	23.0	3.276	0.005	0.005	0.005	0.030	0.090
GCD	24.0	3.514	0.005	0.005	0.005	0.005	0.025
GCD	25.0	3.871	0.010	0.010	0.015	0.035	0.060
GCD	26.0	4.229	0.005	0.005	0.015	0.025	0.155
GCD	27.0	4.467	0.005	0.005	0.005	0.010	0.020
GCD	28.0	4.943	0.005	0.005	0.010	0.020	0.085
GCD	29.0	5.182	0.005	0.005	0.005	0.010	0.030
GCD	30.0	5.420	0.005	0.005	0.005	0.005	0.050
GCD	31.0	5.718	0.005	0.005	0.010	0.020	0.160
GCD	32.0	6.075	0.005	0.005	0.005	0.010	0.015
GCD	33.0	6.432	0.005	0.005	0.010	0.045	0.065
GCD	34.0	7.147	0.005	0.005	0.010	0.015	0.025
GCD	35.0	7.385	0.005	0.005	0.005	0.005	0.040
GCD	36.0	7.921	0.015	0.025	0.095	1.480	12.600
GCD	37.0	8.457	0.005	0.005	0.055	0.210	3.700
GCD	38.0	8.934	0.005	0.005	0.040	0.070	3.075
GCD	39.0	9.291	0.005	0.005	0.010	0.245	0.910
GCD	40.0	9.768	0.005	0.005	0.125	2.685	15.285
GCD	41.0	10.661	0.010	0.020	0.225	3.045	8.190
GCD	42.0	11.495	0.010	0.015	0.250	1.700	4.220
GCD	43.0	12.627	0.005	0.005	0.055	3.355	13.630
GCD	44.0	14.294	0.005	0.040	0.815	4.830	48.525
GCD	45.0	15.843	0.015	0.025	2.440	9.795	22.905
GCD	46.0	18.106	0.005	0.080	4.410	14.210	41.485
GCD	47.0	20.965	0.075	1.340	6.020	14.600	39.525
GCD	48.0	23.288	0.060	0.740	5.970	18.140	24.010
GCD	49.0	26.563	0.035	1.140	4.455	17.135	31.530
GCD	50.0	31.805	0.175	1.100	5.375	14.190	39.905
GCD	51.0	39.369	0.410	3.275	10.755	31.175	45.680
GCD	52.0	48.898	0.080	1.475	9.790	28.625	53.180
GCD	53.0	60.036	0.180	1.720	10.645	38.850	60.420
GCD	54.0	71.352	0.215	1.685	8.930	25.105	56.470
GCD	55.0	78.737	0.100	0.920	6.990	19.130	48.965
GCD	56.0	84.217	0.060	0.380	2.700	7.645	15.475
GCD	57.0	88.267	0.010	0.175	1.410	5.920	10.385
GCD	58.0	91.066	0.020	0.260	1.000	4.985	13.540
GCD	59.0	92.972	0.015	0.085	0.575	4.575	8.765
GCD	60.0	94.163	0.010	0.010	0.100	0.675	1.840
GCD	61.0	94.640	0.005	0.015	0.030	0.175	4.030
GCD	62.0	95.176	0.005	0.025	0.080	0.360	0.535
GCD	63.0	95.473	0.010	0.010	0.050	0.265	0.770
GCD	64.0	95.771	0.005	0.005	0.005	0.020	0.025
GCD	65.0	95.950	0.010	0.010	0.025	2.395	2.395
GCD	66.0	96.367	0.005	0.010	0.015	0.030	2.270
GCD	67.0	96.665	0.005	0.005	0.500	0.530	12.875
GCD	68.0	96.784	0.005	0.005	0.005	0.040	0.040
GCD	69.0	96.962	0.010	0.010	0.025	0.100	0.100
GCD	70.0	97.320	0.005	0.005	0.035	0.160	0.660
GCD	72.0	97.558	0.005	0.005	0.005	0.005	0.015
GCD	74.0	97.737	0.005	0.005	0.005	0.010	0.010
GCD	75.0	97.915	0.010	0.010	0.010	0.015	0.015
GCD	76.0	98.213	0.005	0.005	0.015	0.020	0.030
GCD	77.0	98.451	0.005	0.005	0.005	0.005	0.015
GCD	78.0	98.511	0.020	0.020	0.020	0.020	0.020
GCD	79.0	98.809	0.005	0.005	0.010	0.025	0.035
GCD	80.0	98.928	0.005	0.005	0.005	0.010	0.010
GCD	81.0	99.285	0.005	0.005	0.015	0.030	0.040
GCD	82.0	99.404	0.005	0.005	0.005	0.020	0.020
GCD	83.0	99.643	0.010	0.010	0.010	0.040	0.055
GCD	84.0	99.881	0.005	0.005	0.010	0.035	0.050
GCD	88.0	99.940	0.010	0.010	0.010	0.010	0.010
GCD	89.0	100.000	0.005	0.005	0.005	0.005	0.005
